-184011
-1717489
-5781032
7585747
-7339825
-8181001
1898707
2915985
5077048
620737
6008820
8754289
6935012
7108441
-5483331
5944213
1003168
4633258
1123886
-8436456
8817322
-1911930
-6269041
-3847071
-4972966
-9119890
2829907
9518135
-1765858
6902697
-9754556
-9462744
-7622970
-3295694
-6699741
4487859
-4195661
-840198
7711706
3453929
-5988787
-4855925
4100048
2670071
8170192
8245525
-7470940
6859630
-448234
-708933
9688063
-2051701
-6437815
-1929610
9219836
-9507038
5874448
-2733311
901951
5601093
-5881966
8571537
59406
8512265
-7490553
9238365
7206025
-4310424
7788393
9923956
2504103
1035292
-9565995
-4012205
4086057
7734369
3501479
-8100818
-53742
738365
-8913545
-8302907
4424793
4650892
-7767618
1452768
-2942490
5324171
66738
-4315804
-1245565
116470
5976571
4654782
-4736510
-7147413
-6300726
-6445016
-9430877
-4902336
8252920
8669549
-4908745
-4940568
464456
-4668068
6643081
-6982060
5737235
2176555
1416555
-849080
8616493
-1393498
-4532437
-663231
2125666
-6995782
3969501
-7765655
5226208
-2405430
9239888
-9296929
3922303
-2365747
-6971112
-2260661
-6363550
-6093415
-2792923
-4453500
6556526
-749126
-872943
-8790319
-7038145
-7921981
2330017
5543028
5278366
7245911
-2058794
-6256158
6276231
-5530349
6557737
7447115
-9443669
-9836289
-7858410
-85604
8126620
-1610971
-8796707
8934839
-1251651
32663
6491002
6234357
-9059797
7109345
-4906017
-3904202
-6153580
-4759079
7813497
7809717
2394100
-8891148
8874798
-5351859
-7989016
-5562831
-8937122
-8916718
-4772630
-6541644
-7162082
-8369527
6903904
-6653553
-669309
-7909754
-2761942
-540390
-14496
-9420083
-1794321
9740850
3227058
8873981
6768823
3194555
9053767
-597086
1069903
-6371463
2488009
3051596
-943397
-9104296
9133553
8271680
9650326
5961925
8346618
6345950
-1485223
-2847884
4687142
9250695
5220633
-1958804
-7162268
1117626
-1919352
7832170
293453
9629892
2242149
5661842
-692517
-7559837
9022186
-9128747
8501854
-2012050
-357408
5241456
-5314663
216044
-6335291
-2927395
-9069347
6233524
940270
9247229
770072
-2138324
-8486500
1217041
-3567692
446100
-7823934
1239906
2964643
6116238
-6927564
4407502
3854004
-8220413
5733794
-64252
-7252846
-8584124
7477536
-9068771
-1323611
-2399378
6381330
3239592
1323901
167821
3773269
-2064914
8192232
7934030
-1628011
-2607080
4264532
4962313
590523
-7352689
4318559
8660304
-5296647
-8764409
-4046101
7161570
3323776
-5879598
6977228
-9577321
9242153
-2720991
-3478929
6832095
-5961892
2037426
4377003
-6803149
6093081
3991188
3614146
889091
-9533146
-4217008
-883147
1886040
2117601
2761087
790098
6772801
-7706613
2289707
1394034
568510
-6346448
-5549979
-7873662
4359267
8704559
-411170
-8343997
8209594
-8288162
-696458
1093245
8150471
-7545982
6851315
-5760915
-3241890
4453862
856926
-6764776
-6405602
6930206
-7031290
-8093189
167949
-3794723
730685
-3530723
-1887189
-6037942
2884151
7522324
6128949
-511464
8632327
9002592
-6433430
-7506389
9810169
-5598100
2762291
-6352002
-2473140
-8828833
-8336276
6884952
9183276
4333454
8839060
3323222
971854
5820514
5651061
91723
-788162
5868979
1272524
-1936893
-9908599
-5955307
-3685824
-6916115
-5113037
-1291833
-9389521
-1944302
-9538553
-1521350
-4093386
4399868
-9276262
-4752486
-4756019
-801264
-8775461
-6093390
8126988
-6545438
-1770044
3294853
6682873
-4600226
3963830
-9584869
3425327
-9861361
239603
-5856041
-7544536
-1926636
-7626784
-1429416
-2073229
3293116
-3824440
-6744245
-9507691
-7868748
7023391
-1274273
-4084715
-9834660
2352020
-6182292
-4479000
-6868438
-824130
-9477859
9265628
6062129
2123831
5399063
-1627798
-2143424
1651945
3247635
5237453
-2897817
2974208
-2077646
-2467843
-8228839
-3078676
773970
8390289
-668963
3805565
987315
-2347275
9853768
45388
-1166718
-3524206
-7732592
4785279
-3893091
854980
2376772
-6161443
6379971
-8253248
6416465
-6375872
-6256659
-901619
-9092522
-2085972
3039495
-3658938
-1514178
3285980
-1332378
19139
6222494
-1200128
7703362
-759144
3247957
6859048
-740082
1112829
9544933
4934891
-5994143
-557252
3483096
-5935756
5719024
-5042408
-7452619
-8154551
7620094
-4026197
-365806
1529548
-3612282
1400580
9416901
5984528
9868534
-4044287
-7619099
-7888545
-905938
1522003
9881010
4746433
-2321385
8389335
-969727
-6868013
63578
-883223
8231928
-37197
-3841838
-7923434
-9809214
2037235
-6571855
-1685596
-6460700
-2780346
5464295
-5813447
-379697
5208913
8122649
2242413
217389
6200976
-9131447
-6467713
-5654588
-4576108
-7314176
5807680
7859178
-7543599
-6309187
1959354
7667400
4273651
8453874
-8892411
-7309361
-8204232
-6959206
-5120066
8344944
-9420028
3139503
5866218
464305
2497804
7115200
7618800
3298476
-3814158
-1428342
4570698
-1321067
-360283
-9999876
5230996
4439327
7868775
9410185
-7804090
2365426
7315307
-929966
-6951454
-7871106
-7332159
-3833014
7902436
-6860842
-8839998
5273154
-6192840
7562215
7106018
213594
-8534134
-2137884
-7946058
-9684899
3664790
6132598
-575680
1844585
7305535
-9339363
-9466557
8574863
-9310852
3182316
-3981897
-891512
-1307277
-2041071
-920287
4201491
6180846
353429
-194940
5745302
8723142
1388291
-8702776
-9949615
-5280026
1359591
-967568
5644747
-2443181
-3672245
5748111
2817989
-3917305
9473214
5410687
3609844
-4113169
-2385933
157521
5878515
-5641192
-3131527
-2245212
8042634
-1067601
-7314721
7865759
3180581
5658998
-3209647
914365
8448396
677674
-6775405
249685
8271229
4147250
7963778
-7352429
9910691
8792770
3960525
1643331
-9190241
-4130915
-8535651
5087353
6773482
-5600239
-8740300
-6085441
-183662
-3337665
9520608
7123749
1929189
7808619
585383
-294362
-1207859
-2007084
-5097801
7026644
-336398
-6171889
-8709494
3752214
-8729913
6598021
-843821
-1525301
-1527194
6773831
4378374
-1877374
2690064
-8246291
-9374604
-8273543
-4012002
8209436
8877777
-2052372
-6785738
7165773
-5542928
-901462
-8681806
9905853
-8830347
8385945
-2484074
-3521833
2168928
-6071610
1403417
-6589561
3233359
7409434
5030957
-1941501
-235030
2896238
2120204
6463030
-3100223
5670399
-8892691
4202466
7109347
6467191
-3275165
4394677
-2485216
3088261
1535333
-6064559
-5549334
7706193
6104768
8340067
7872328
-7182941
67870
3238205
1655569
-6973808
7519804
4536530
-4129154
6954438
7627057
8715049
-971616
3894817
-7303370
-2831715
8114512
6394398
7572486
-289795
3620415
-9561473
-8236721
5401620
-4507214
1496688
2387094
-4844105
8384386
-5434301
5440171
2763123
9989235
9362438
8872082
3574407
-8150500
-2559559
-785432
-1773871
2693615
-5242412
-9293466
-1134672
-4850230
-1935361
4306350
4952564
7418898
3866365
5440939
6331236
-5975885
-9198506
342918
1413749
-6475055
3737080
-209253
9038342
4620075
6182375
866444
7853267
8399547
-5231832
7765690
-7678942
8442831
3337726
-691801
-1698693
8564775
5292914
-6477807
-4136375
182240
-8335877
-1663058
7260790
6712768
-1741821
5197029
-3258631
5657771
-1730177
-1133826
-4477328
-5332994
663195
308377
-944021
7771111
-4675938
4643147
-2432593
2694826
-2654424
4176067
-14319
-2659468
-1802554
369391
-6370745
2268067
1854914
-1638648
9563353
6176722
2188210
-2487164
-1350670
5315786
-5017385
9601386
3839687
-5503819
-9811995
7814511
-8098682
-1643764
2817666
-345512
7240375
9623320
2002069
-5965979
-9943553
2633636
-1329656
487158
7329149
8195106
-9616434
7165226
2841504
369031
7291146
9645354
1336470
-3096936
-6580977
-6102861
-5751120
4956159
8405554
6618119
-7466744
20581
-9203260
2123812
-8651167
5369964
-2905851
166995
5846860
7708877
-8618150
-8643475
7871125
2134912
7994917
-4251650
7949547
-3691321
7546247
-6761050
4865993
-5312533
-258179
3568610
9068955
-1342053
4660672
-122900
2559721
-6939394
-4697124
8845043
8706571
2619208
214216
1758563
614051
-109272
-241326
6536734
8874355
-5087071
2265158
7864353
-9875452
-2031014
4505059
4062542
-6903965
-3419749
7537582
-2633599
773193
-4449876
-482096
-8470128
-9199628
4127265
2130066
9622657
-3156298
2704715
8979313
6162836
-7230063
-4535849
6235286
5079098
4702029
4147161
-4376456
9717091
-6188645
9718052
-6855923
317202
-8623953
349789
-9897978
-78367
3327400
-3221660
6031872
9679620
9626339
2123797
-8431672
-3317411
-7752287
4879523
8919865
-3732074
-8372301
6758546
8251389
1008180
5735124
-5173710
-1247639
4366727
-9204664
586714
3768983
-6409985
-8246120
-7724260
-578123
-3569664
-8297316
7566806
160140
7388463
6052272
8598076
-1329305
4704786
7970368
3119253
6999017
-7750256
-2601654
-2471422
9931716
2166172
490242
-7985219
7421785
7902611
4042072
-8197951
1574282
8807835
8107865
-5925835
-118200
-9345162
-3737952