-6827636
-7784437
5954921
-3714320
6974033
5035039
-9993016
5620259
2759853
-7027040
-7783622
7251684
-4688763
-6948874
-2057189
9143483
8336438
-7249097
7377633
-2789181
-9845375
-6951982
-1249709
4082644
399634
-2212352
-299536
5017533
-9700590
-7549837
3647281
2378796
-8841815
9195504
6742867
3452462
4359578
1018761
5998444
6410774
1451256
-8220315
5543007
1044269
-1512466
7808287
-5990241
1380096
-7357169
7228005
-6886719
-165460
-9118751
6653809
267935
7031083
-4788799
9443176
-902213
1903806
5381480
9501426
-844494
3081870
-3023406
-3477060
-4613253
5909889
8813080
-8792835
-6369201
8319602
-9362302
-6563030
2053328
-9409582
-4082228
4116651
5444573
-4699383
9038932
1072173
-9756992
-9660756
1220041
2230386
540276
-1624471
-3195414
-6941694
-9661880
-8447566
-5048028
5552666
4019459
-3077151
5377834
3716284
9525710
-4159726
557422
-2897344
3493436
-6836956
3348500
-6186986
6144455
-3573533
394200
3746372
-6491606
4116553
-5525196
8547982
-9174806
3598837
5359896
-4513692
-4541125
-3333473
-6123671
-1855810
4529868
8719135
8592659
-3301501
2788677
8220837
-3862820
-2247577
8364221
-2285862
6183385
4268095
9408171
3833479
-4853903
-3325548
8409122
4860132
9545705
7644586
7851034
-1320367
400833
-3227759
1516946
3663170
1938403
-8447483
-8404460
3268352
-6607718
-1925435
-2236319
6283486
4345095
1016095
6971468
-6615695
-3953896
3260897
-8152563
7596823
413056
4852660
4654119
8783792
-1851975
-8739699
-527855
892581
9900443
-1612474
-7024901
-8963034
-9528797
-9333194
5120804
7768407
3166480
-6043341
-6881593
3191804
-3897395
8098573
-4616416
8870029
-4713809
-211686
2579420
7376524
7282429
-2304163
-660826
8359740
2189701
-4749188
1653468
-1038007
8047544
-9599325
-3846401
-5097623
-9178782
-8082296
5935673
-2825981
8530161
-4850416
28182
8451423
8597402
-3808833
-4768050
9246094
-4209108
7462168
-2282239
160124
4427178
-9037945
-1607551
8479585
870149
8712203
-8932123
-2691953
-9352607
-6438583
-5913535
-4789888
-4510075
1556767
2864694
-8530338
-2188097
-2705631
4712884
4383374
-7914640
9008466
-904305
-3760812
6342034
5281854
2896297
-4657814
-9279392
2367179
4954853
8578520
-5149989
-6140682
3342930
1842759
-9790920
8334358
-3130255
4677976
-2548095
-1704095
3730839
8982108
-8090735
4400693
-7928195
3863449
-887304
8767299
-3798281
-1315627
-3027474
-1969351
4091075
7615790
3757160
-2827609
-1562368
-3142107
-5403520
3461418
5392374
-5843970
6322450
883269
-7837971
-2748483
8327652
-8738799
6965157
5796782
5275968
-593476
-2073949
-2597340
-9297222
-6849088
217143
-9023334
-2859443
9748585
-4149858
-5160919
-2517017
-8828032
-4484881
-7513096
-7693753
-8234719
-4856316
7503876
2880381
-7729546
-8891959
-893025
7671821
3136529
7212363
-1583480
-8740144
-8463683
-4498959
-6736379
6799589
4043561
-4914731
-6291630
878956
9603088
-198115
7619414
-3366700
7709535
-5933535
8151661
-4388618
3598720
-3088026
-2736397
-5045592
-1615220
4633046
-7258290
-9563119
-6245723
7099249
-1544283
-6658958
-553839
-3719807
-2672259
-2634218
-4465096
8919993
755395
-6870416
-3233059
-9536685
3658030
5081987
6351759
1598185
3249552
-6475504
-5535145
4730665
-4822312
9056224
-2529944
1916587
899171
727902
-2935442
7270461
6992540
9018845
8862802
-5953561
8731892
1888157
2362789
-3373934
5535596
-5125991
-8474196
599658
-7609760
1466717
-8817688
-2441535
4685868
-1141628
-1203311
5800684
7474489
2008572
-1419317
-2659850
-1881131
-2439264
-1226234
6868619
-7636508
-2549123
-9636205
-380861
-9362860
-6790244
5841805
-5442705
5668691
1302427
-3216564
2236940
7057146
2406923
-7650764
-8672704
6587806
7581084
-5675874
-4359504
-8695321
-7834210
2348433
3256977
-5829938
7819775
-3718885
-755539
6202402
-7563694
6479564
5701857
476799
-9023246
6563902
-240273
3955487
5413670
-3832921
1596546
-1832553
2790059
-4298674
-249503
3461047
-4484006
-1232855
1894284
-4397670
9473438
6923160
3965414
-34940
-3195253
4089349
-249824
-7820048
-7807095
5884349
-9643690
3557251
4082197
7643309
7052527
8278315
9193454
-2902237
-6154169
-1877656
-7659710
8694926
7097328
-4595344
7535498
9997973
8983058
9952640
-3593184
8984638
-4614684
3334617
-9139875
6564148
4546933
-713869
738896
9788423
-218360
-3222574
-3788495
-7982819
-5350894
-9950455
-1543117
-9918205
6139254
-1814826