1546326
-1811596
4762669
2005824
5131746
-5207315
-5692852
-5381566
2826303
-5918857
189087
-7846317
-6698869
9473827
-466529
183087
9000138
552261
3075220
-7251873
8513521
899119
4562026
-3582708
799746
1219987
8836323
8488233
8920949
470280
1002692
-9502958
236604
9985433
-403679
8388973
2526757
8459419
-8524035
-6535801
1512816
-1094124
-4515179
-7528214
-4499437
-300952
-4051046
8741558
-7151603
-2290646
1980675
1954447
6014990
-6209981
-3365852
7573910
-5171355
1849796
873491
-956538
1396043
3008635
-1381653
9082079
-2868980
-1187363
-9177465
-4272384
6629426
4406564
8982046
2879663
-7312592
-9651356
6252690
6433044
-2884026
-1474526
-7221402
3710748
4868046
1643713
208875
3942463
6386084
-7099486
-3074735
-62388
8952475
5803173
1804783
6318793
-9458877
-8244993
5462461
785761
5630513
-1822680
7979051
7934538
-4237680
-2776078
-760556
-9785950
7676549
4236213
-6427018
-2021813
3972286
-3233017
4077030
1285167
-1617526
6014079
2355958
8426677
9705749
179858
8788370
6909384
-4566771
3482268
6143972
-6737098
-5895188
3741125
4744762
7174700
257067
-4410130
-9467284
8123156
9810192
9034280
1206193
2276234
5374789
3309357
-759640
-9361576
-6261108
4315806
-2882953
1605975
-734609
-6223520
7939958
2941430
9584942
-5581401
-9729024
4739124
-9894454
-9823591
4005500
-8286603
5316681
8870488
-9153962
2579037
5629646
-5143109
-4473311
-7634817
3638795
-4082577
-5717530
2842766
3685343
2118449
7823765
4038712
-3558424
-7787579
-9915308
-6253380
5027815
-77746
6108443
3700641
-9900
-3154504
-1362555
2655918
128056
3289703
1580923
-5184657
2912251
-1254153
6670832
-2496312
-978273
-1235951
-4955058
5285381
-7303010
8068034
1909614
9636347
-2769846
-8886814
5835970
-3772665
4884652
-4336339
7512803
6103007
9675570
8983385
-9777781
8972576
2825340
5290756
-4850867
-5664982
1348329
5281644
-6254672
4327769
4494067
9593252
-5828521
3547937
-1028966
708226
-3460990
-2780757
9020334
-4987820
1089626
102080
-2546442
-5633290
3192534
5843740
-3585406
6783131
-4863495
-1208454
-7744715
-6126749
9022304
7970209
-7647902
-7402239
9283454
-8169654
3856933
1253595
-4227819
-1250956
-6241887
-3330513
-742236
5143906
-5898617
1736775
-569494
-8712468
8270778
1958208
-9753984
-9847823
3501657
1513948
-5831743
-1615012
-1880823
-2890843
7598928
5930502
-4506461
5988316
-5574072
-1470108
-1131997
1427360
-8972728
1756207
7009800
-2959535
555475
9374110
8133048
-6014162
7059509
6557352
-8739922
-1162101
-5015890
912070
-4521964
4602940
-2426079
-1605440
-4178625
9138758
-9986300
433478
8970405
-1705957
4072092
407189
4566461
1725060
-8034784
3358229
7976732
-2334297
-2953784
-1448704
-2446269
2495322
9485849
-9873077
764877
-5022601
2546732
4607697
-8782712
1284151
5678898
5790655
-111644
3616205
6670495
176273
-5946761
-4517839
-8740747
-6453345
-2044754
2770883
-1081589
-8465326
7636178
826459
6570959
-1452844
-168989
8653605
-545536
-2844105
-222285
-3021611
4451468
-1003338
9094010
2202629
6132997
4889768
1481948
-1061612
-4688239
-6770722
226952
1454398
272964
-8246169
-8772991
-144347
7828929
-7156341
-2806484
-5935458
2617311
7874418
2560773
-7292438
1546628
3655417
3676813
1611053
6815420
-6582450
4807949
-7843975
2188702
6787122
-9409434
2919431
-5101648
7565740
5142508
2731748
4768803
2319771
-5121186
-6700566
9091457
3971247
-8425253
2948921
6168458
-9952953
-795728
-8845122
-9909486
8398688
5890589
4212432
3383738
-9122924
-1270102
-3623589
-4496106
-1247462
-2124877
-9197943
-3286929
-6278861
2726795
1660561
3361803
6255130
4245453
-7297989
-9903197
4283983
8026178
-1494615
-6330984
5913132
104356
-3543719
3087087
-2232513
-6621859
5807609
-6161167
-7870616
-7119163
-5061615
-9749593
3766670
6895353
-40658
-2146342
-9646596
3383657
3941141
-1089961
9658039
-2268282
-665337
5039365
-9357588
9593466
1639792
-4820183
8690064
-2036550
8189273
2233893
-4941539
8758142
5248017
-9581886
-7392233
2886407
9141334
8290656
2508074
-265543
931217
4241630
7844018
2092834
-3338517
-5790163
3600476
892648
-6006118
-9032005
5638805
1002482
4683405
-888085
-2466865
8276932
3659872
5694358
1753623
-8069992
-1767049
-5542717
7493771
-3115204
5908504
1213882
3794074
-5097207
2615112
280662
7794528
-1468349
-3851949
-4543261
-4517919
-5373299
-7919065
9941288
-5610812
9613670
8361568
-2738918
-6953844
8381753
-9909816
72864
5318176
-4098988
188544
-8084482
-9810008
9248920
-8872921
8562512
-2046537
8692276
7874579
8998325
7672278
-436425
8108687
-8448253
-1595438
7160702
6051663
-3760166
9852772
1122953
4267421
7113000
-3793592
-2580050
5442795
332618
7355005
-7436849
-1413871
-5424158
-6556660
-3647755
-2751912
9501417
-2011413
-3345561
-1878189
5161369
4525333
-7098184
6037238
-7813465
-4303892
1591503
-5376358
-1245610
6880349
7420022
-6510209
1022146
-2024276
-4101316
-1521202
6691655
6180884
6590689
1602847
9974359
-1379203
9849268
2665952
-2734058
-320129
-3770496
9903146
9390746
-8990288
-7957388
-4262183
-6771063
-8808274
-3464905
9094810
-6866588
-2261817
-5721074
-1830578
6768278
-6562786
-6223109
-9176725
-3348761
-7329528
-4078538
-8876373
5999621
3758073
-341413
-4884408
-2591632
5348332
8158410
-170498
4051904
-3283268
-8984620
-2995179
-7204188
-1700390
-7636786
3324045
3252430
-9837408
-9391875
-7099359
7321381
-9020683
1092115
4006915
2239162
4541345
9721273
442464
-7142766
-1095377
4162910
-5565670
509249
-9480321
213389
4851735
-9592018
-6753476
-1028818
-2124313
-615493
-6985841
3510548
-2579960
-1458111
-2244007
1270419
2133614
2006779
-2940121
8613765
5679793
7372761
-131390
-3037138
-2738379
-616222
-620454
5073703
6604504
6975374
-1596983
7421861
4557127
-5901456
1658566
8943316
2536263
-2436438
6841561
6793677
-4339689
9719318
-7014569
5258949
-2743585
1852472
3370930
5628863
1340793
4055104
-8906309
6724198
-4638146
-3079015
2867673
-7530383
8331476
808455
2214925
2316760
9548641
-8870974
-8512747
2379866
-7093593
7907453
1458455
-7513452
8116199
-9967127
-4529670
-1961967
-3059779
-5221664
1069051
1304850
7471097
-4465634
9270195
-6408559
5688540
4175
9717888
-1264615
9330486
1613459
-2179403
-6376809
-855846
-4493439
-105417
-4937469
-6775824
1878242
1705002
4467532
5534882
-1430893
4138067
5961802
1301426
6966784
2801463
5974634
-4444247
-3547952
-7168197
-7479902
-9359942
2479017
-4105409
-5347755
-7626522
-7147538
-3233143
6552522
-7849038
-7778759
-9509245
9151388
-2288112
1051642
-4101681
-501483
6431393
-1273043
7564546
3958047
-556165
-4956582
4791828
-8568270
2112036
-7336959
-171254
-3755051
-299640
1800315
9971297
6458619
7764263
4499188
-1972254
3844756
6917284
-7326223
-1646463
-8120770
-576706
5490995
6365450
6708286
4019843
7163731
-5744001
-1552009
-1738955
-5467210
-5506937
-5697571
933258
7994994
-452987
1078508
9271889
-9974737
-195838
7559023
-5955331
379670
1026331
2699437
1931077
-3447589
-3886124
-2346969
-8270463
-9659793
-277119
3166016
5646013
-3312652
-3760062
9134606
5453990
-1092212
9254777
-7214282
-9503912
-4529107
-2502858
-4811139
2287665
6239649
-6495212
-8230718
4517394
37344
-2201052
-2335874
5324854
5583069
1967401
-3461724
7870404
-7535515
-8458130
-7616893
-2736071
5698576
-2203294
-5069134
-4931724
-2122431
1418477
9674089
7473834
-7473044
-2710951
-1812649
-6648818
5559595
-5098989
-2247532
776025
-8119316
9847064
8387555
-2872471
-7922169