-9263608
-9627627
-8038535
1630532
-7607797
5471167
-9209887
-5738800
-3871507
3243648
-9130903
-2114748
-6508193
9486025
4405515
8897393
9598075
9307158
9607984
9204234
-1876384
6246260
6192929
-8929976
-910765
7042013
9298190
7773465
3348748
8567461
183891
5735000
-7782362
1410069
8231519
9900604
-2472918
355022
-1222177
7424669
-5274966
5494373
2963888
-2418415
-4170838
781910
-7923012
-5878083
-4190738
-498131
476082
2004267
6358163
-3075594
-421159
2229212
-617864
1586619
7207778
-4894619
2131515
6338039
8997585
101311
-4911736
5715709
-5212131
7468249
2910217
4107830
-2836693
4317363
2863033
5761765
9390574
-1302693
-8856318
-1155359
7612799
1499397
-6496844
-1361280
-973951
6427164
-3099194
-9205166
-6901510
-4620916
4709995
-1750374
2782677
1599604
-7670378
5186025
-1383193
-2175105
-3352498
1808006
3055006
6968591
-2023766
3885854
-7672956
-7579270
-3676445
8012607
3283850
-8402837
-1683865
-8830298
982037
-3429195
8589929
-715778
-4802943
-2682112
2222277
6105638
4997123
-1726212
1719407
-2145154
7703667
6800540
-7821344
6300982
7230584
4597922
-9515266
7015257
-1396
8418811
2202557
6876234
-2711582
3894030
9335563
3059646
286985
-7121464
-5281058
2957785
-2144774
-6675266
-3687890
-4155752
-7474492
6209023
-6797122
5158466
-4121205
-3870737
8534430
-4259113
-2889318
8356797
-5125901
2184756
8618423
7553698
-6893632
-5685520
-1866334
4568914
8433138
-7335114
3667367
-4672352
8262833
-1094555
2502892
8170134
1293807
-4541205
-34393
-1119279
-1621942
-2876502
121464
7776866
-5040257
-5559491
2520178
2222549
9678813
-2884096
2937850
-6752026
-5514392
-9745376
6081920
8646430
497787
8923159
-1092443
2598102
-9918086
8887005
-9662993
7112241
5324559
-510599
1222849
-538480
-41273
-4804794
4161370
3155452
-1486763
-4465467
-942180
-2964366
-1647834
-3467130
5977101
-8976655
2149768
-2401686
3872425
-241869
-3757510
3046767
1680623
371298
-9453109
2073301
-5842382
-6268289
-5410747
-7596114
6937445
9000660
-9328618
-9225565
-9473503
-6408834
-4820987
1037426
-5034234
7148552
-559216
-5745272
3595245
-1654108
3951840
-4939274
-2689534
9110457
-5221934
-9087005
-7021572
-7125136
9362922
3962156
-3987648
63405
-7363104
3685475
1416490
8972472
-4879599
780770
-5713587
-7954640
-4111860
-9925817
-8464732
3905880
5837490
-4647733
-4495242
8315346
9439166
1958843
2376081
2920432
-1457312
2079021
-935633
4355260
5244666
8347026
-7008950
783335
-9008559
-821553
5274087
2634093
2322726
3369186
-2840268
-1123612
4378560
-7148877
873604
-2881266
8731422
-9774077
7917905
-4679916
-9995099
-1626419
5620453
-164286
-4482088
-5575584
1208933
3147059
9609902
2387870
1654865
9364549
-2383463
1266997
-257690
9574733
641604
6098526
4385156
2165175
-2709128
-3094200
3756991
8953944
4418485
-4398782
9592298
-7593711
-8389600
-4305303
9340449
2215821
-8052715
-9951771
8065647
2980134
6041327
-6149696
8588977
-2746925
601378
-2158948
576772
-6465271
-7431164
4452376
8719398
3060917
-9169057
3300260
-9181964
-7863751
-4359019
7254192
5786354
-9549264
-4477621
-3225947
1286072
9281970
9563916
-9665574
-5619868
1935973
1616611
4109710
2647318
1878867
6741826
-7314501
-6330713
-4548496
3335090
6495712
-7831314
9177638
-3286556
-9544314
-2585548
-5567282
-4743643
8472322
-737895
5858389
-396645
-7068816
6291027
4461178
4503907
-8391941
-150999
-3229617
-9310384
9003693
1477873
1711302
8437484
553643
392125
422197
-8382472
-1236840
-2195098
70657
-6169543
-5389875
1010297
-4572043
2638399
-9960839
-6823290
8808987
9794833
6840971
-767695
7917869
4588819
-6355996
3215482
3745060
-2355773
71564
2740620
-5326008
-3745170
-7772389
3893406
4080199
-7647149
9062467
-1013704
9446645
7941783
-4205929
-6237276
2955646
1738245
-5681643
8366655
-7888336
-2104942
-3704047
6801807
60622
-1320312
3656526
-8173254
-7408683
-4494801
4599035
8693493
-2259687
4011743
5141878
1517234
-8655890
-6353766
-7018709
1637494
7598291
-3250072
329306
8382565
978943
4834345
-2162401
8068664
-448161
-9396741
-3873058
-7415808
7101727
4542425
9301721
2500483
2302062
3084766
-4759302
-5904198
-674048
-2475750
7852674
-6161560
-1907226
5178493
570055
-7694591
7012711
291807
6532659
6077673
7875376
8499503
9950029
4896288
3678059
7342158
-1982903
-2057022
7688418
7701069
-6698110
2770573
-2728738
-3565982
-7004950
-4495670
6570539
-5596858
8432787
4931548
-2434829
-5028833
5942443
-666609
-9686817
-9957653
4352879
-3934096
2799544
-6088058
-3481954
5061527
-9034483
3822552
-2624953
-2895968
-1127676
-8197499
-4737498
-1520392
3458629
2554506
6322886
3520381
-3960807
9897949
-6179159
-5532448
3426825
-5317729
-4653787
-6529025
-2057149
-7520604
3820400
1964886
6322861
-8724150
1400060
5746315
4291852
2621852
9499527
7892226
547430
-3985676
7843405
-122578
-5478074
-2536450
6086340
5058686
-7820716
277214
-3781474
8066790
-8536301
9422671
-6110285
-7643187
-2429398
8799546
7810492
9791383
9474452
4930644
-6941341
7867581
-8128810
4953879
-4374861
-4847168
6084172
283526
7601280
-3751024
-5339656
620632
-733636
-1857124
-7818341
-2319982
-4231553
9656835
4238520
-5909545
4004456
-6216740
-1206758
6172994
-9115366
-6788513
160708
3654882
-8851064
9811697
7149421
-9160736
2894763
1297954
-2051193
-4495057
1581791
-3144337
-1514949
-5092043
4767378
-6493220
-4383409
230937
-6507861
-5933245
8428840
6171606
-3348871
2773881
-9711025
-8295809
7208291
4726978
9954437
-5336371
-5698210
8257351
-4848735
7777104
1237276
-8818660
8338080
2388963
-7200682
-175812
3672435
9372210
148809
-7103692
5324661
-563534
3479658
6346168
9564519
6528686
3546948
-522521
-1553897
-6814708
-7619260
8635611
5162418
6063339
-3373221
7995537
8964695
6321509
-1709903
-6714130
-6287245
8117668
5344402
1760506
-258215
-4485234
-5348627
-4749498
11735
6517090
9249101
-8866418
-886222
-380466
5532031
6408432
-4825178
8105070
-6745163
7505220
8900949
-2457677
9906120
-3920689
-7864739
-7088759
7277893
-2986771
5997253
-5931202
1869043
958673
-2975437
7023950
2665629
-3859504
-5970576
5878818
-6360170
-5461906
1891560
8789751
8935697
7049407
2306045
376783
1270800
-9794073
5308189
-1586716
-9000649
-6804712
-6151043
7010187
-1471056
-8523225
-3637665
-216994
6455045
-6455860
-4880652
-7923292
4042114
4487068
5515698
-6552390
2179317
9521724
-5008122
-7501204
5240238
1882048
6285983
-4733730
3713737
-4753636
-1649518
9335354
-6225608
-8129392
50210
-5684939
-1186408
-6332750
-4853367
-1035967
4140656
-8813622
-8911557
7084851
9639053
-4737252
8593306
-1920206
6597375
3310617
-2241946
2576494
4126528
4250707
9671356
9527658
-4715364
-4084666
123840
8816093
-9451153
2174817
58339
7363806
151177
5476803
-1635316
8248874
5008393
6495105
39692
2941372
-8450299
1797786
7818395
1993135
1357879
3506904
-4017409
7002923
-104723
-721376
2781351
-5181879
-6023380
394006
-5377310
-6561452
-6397168
-5178495
-457161
-9265963
4789221
-3084672
-2507017
-563300
3521232
7414990
4498346
-6464519
-2853760
3655908
2565527
9419721
-7011757
-5121145
2999733
-613371
9840575
6234960
-8957021
8377043
4485903
1089376
2484181
3064375
987054
5580999
-2347094
-8029704
-1912675
5879284
-6481554
-3333347
5464202
9398204
-4896710
2433596
2754470
1700153
-5887199
1734984
9887976
-8495450
-8970077
-7631974
1912359
-6081671
-4841644
5184668
-3529194
-3780006
-5947747
1144858
5598029
7007893
-5629457
1258588
-7530759
-9558946
1411582
1782332
-9780949
-784037
1257532
-9159277
-1155286
6816388
-7349588
-7928021
-6376489
8093153
-2506236
8705763
4811226
-6306253
-8476662
4628067
-4325348
-9203963
768908
-3309692
-9583786
-9542323
-7346596
5566376
2895427
-3751370
5504678
-5928451
-6764333
4850860
7446335
1339134
-6975386
-4796087
-9746544
1366537
7285885
-6182995
-6721640
-8189271
-2410751
9976267
3110852
7608050
51167
-6706656
9803721
-4339007
-4647701
7596022
-407630
-6412442
8041194
3231202
8880547
-168811
8247872
-1675021
-7590025
-4149821
4790089
-1393054
-1090147
3805616
8718060
8806107
-8617928
-1804
4785069
-2533562
-3780316
8478911
-4868186
-7663968
-8409432
-4298585
7013435
7646679
-9066845
9462293
-6500577
-2878713
-2578129
2559832
5167053
-993380
1320226
-9168632
9842295
2862249
-1069013
-8804186
-3607733
-7677833
5345241
119143
-1614054
2680785
2303651
450135
5138940
9484286
-4320854
-2786578
-4851966
-9165146
-3358992
-8037933
-4090662
8600734
-1146838
6712300
6490975
-6384061
6533713
4059895
236008
-6220886
8735391
1247402
-3511513
3345401
83135
-6628936
7854350
-7389241
4806687
-9589617
4703289
1215598
-4349832
-2093334
-9150249
-1715293
-449538
-3274666
-151930
7112747
964756
306734
6198316
9935193
4806059
625332
-1692602
-5984984
-6221524
4911094
-2984620
3388731
-8830997
7083215
4127287
6958103
2035613
-4461219
5534448
3596428
-8661274
3158540
2545082
-5601272
7621833
9071586
659804
-7893692
3535376
-4974971
-5611900
-2267768
-5159386
-1206251
-5926052
4858036
9945746
1928129
5749245
-4824846
6444650
-5458032
-374833
840304
-9261184
-5863777
-4311194
3904301
-8678275
2060468
-6979004
8544411
2313918
9483934
2641310
3229721
7956070
7574639
-7679168
-6112500
1906330
1885086
277507
-9052390
4313850
4448643
8715692
6534360
34200
-1849663
-2409677
-363393
-3522290
7240269
9340055
-2869437
-7177929
1059757
3993490
-962350
-5345110
-9042724
2371999
4280271
-9962463
-1945949
-8613407
-2900688
6049934
-9760584
-8409637
-2067532
-5070235
-7741465
-1343654
-875759
4244036
-9359199
-7959396
-3465873
-5150201
-5507138
-2011601
-2340501
-1149657
3737198
-3878487
8793912
6560457
9101644
-4640306
6132781
4146811
8125881
-6047004
2510486
7516832
-4094968
-6579096
-6598951
-9935380
3250343
3637060
-4106364
-5412869
6700804
6597676
-8113449
-9388597
-2916906
-1365847
-8139897
2469865
7777182
6935180
6996769
2141042
899749
-2453349
8951386
5280884
2166160
3039698
-4461300
6499656
5342158
4151397
9510705
-1035493
4921295
-5073929
-9263159
-9398302
-1880293
432228
-5603293
5290994
1084065
-978323
-7533773
-752652
-1292037
4640054
9325098
-5862920
1247256
4154707
-2737625
2812363
-5642710
8245516
-7634606
-1508092
-4917937
5084422
-1444241
3116965
4581298
3345480
6755528
2350411
-6435582
1395824
773917
-2578680
-3325621
2843726
-5336333
242472
6112741
-5375974
-3270681
385849
6141635
8304041
-5859846
-7006931
2978339
-6421605
-4636127
7031413
-7841382
2587322
-4851858
-9994218
-892029
7865975
8812870
-4424036
-2914439
5488247
8501421
539073
6328479
-9966828
-8452340
-7577323
-5447372
1240218
-2757887
3122177
3952117
1023448
4082107
-2407681
9152360
6473955
-7786327
-771436
-3184276
8042136
7317768
9561630
-1062404
1791168
-7169051
7000576
8798715
185308
-6420998
7393281
4147744
-9738534
7860669
3862439
6382770
-580710
-1227967
-3341773
-9861052
-726002
8845680
-7369083
-2868717
-3338306
4940880
-3381748
-7794006
7971728
2158032
7460349
529900
6063033
-6103522
-8646668
1888721
-9836719
-4721739
7875984
7618592
-954335
-5397774
-7665878
-2923563
7614084
-1527883
-2444293
1556423
-4951047
-7833711
-8040409
-9017991
5377525
6684807
2530690
4147564
7042495
8260142
9472550
-836699
7349029
-8361010
-5792257
2389699
-1847293
-482873
-5746897
-1778616
-2394213
4029961
2357910
977905
-9436690
-801427
-9650973
-2358633
-9967645
4276501
2012215
-8356909
7548230
-5785474
4272081
-6176239
1772446
6093354
-8016192
631254
-2545003
5004329
-3725421
1523484
-1743187
8485678
5946853
9635436
8554113
7285250
-7080187
-7930142
-3894932
-7248027
6657252
8160680
-5480472
-1382378
-2351225
7438217
5998540
5790689
-8087986
9686556
5094996
6541733
2939833
-1298754
9045850
2220419
87913
433056
7802831
5243041
9950829
-6331584
2460289
9397996
4266869
137884
1801772
8982703
1349093
-4416777
-6141536
-5367030
1603391
2861179
2329277
5068493
-1446631
1055340
-3234772
-9342121
-9919354
-1925266
-2656251
-4249937
827700
5367317
7580608
-1748183
2329747
3519999
7971616
2382244
3831714
-8943771
184320
317667
-7067256
-3182606
304440
976934
8974704
-4454095
-6182948
-2025089
7111917
8165335
-2367450
5507454
-5551637
9180233
8588958
-4203967
-7459604
-5657696
-7605669
2482841
1371680
4554394
2961086
-2311598
-227200
-654063
5698974
-7345081
6139221
-2590275
4206478
2754314
-4296177
4595722
9793139
3461116
-210901
4995199
7743061
2991241
9657337
-9769945
155853
-2985012
6370992
906212
-1388544
2674734
-1456250
-9219744
2979342
8102377
-7086520
-6079337
-8722440
3601641
1582584
1499596
-8831725
4758503
6261420
-7485714
-7526797
-9785529
-9589125
-7160432
-4795102
-4716476
7928242
8171113
-3981866
7263232
-6479460
8276142
-8873806
2335388
-3274407
7689351
8159546
-3123050
8210381
3024010
-7763391
7930774
-9291455
1614027
5047595
1399997
1955035
7955710
-6642753
6326543
413409
2273225
9851431
-8526948
-4740840
1260184
8144008
-2738996
6724717
-9085223
816425
5825384
-1266834
-6145875
-541524
-7003203
5731261
-3291089
2845741
6925004
4949523
-7607575
4107003
846118
8566021
7678972
-3357338
-7337804
6324005
-5703513
6202117
3902684
-8242614
-2292464
5739575
4555741
-8094933
9696567
524602
1511582
-789524
-5807132
26719
7534524
-5006942
-5970704
7108318
9176845
7211138
-6514896
9708256
3983546
-7938807
4468726
-9590480
4472492
2877626
-6937465
344091
3344213
2412142
-2406434
8264946
-3276459
-6767799
-1156169
-1107800
566220
-5425305
8589696
-6817806
-6131893
-2913735
-9600784
-3196829
-8465834
4663029
4428868
7365268
-4528687
3664837
-1615078
-948433
2101150
5799437
7076863
6239675
-3089038
-7707526
6458331
-9858359
5028795
290426
-6513986
120500
-7014342
5925589
7497496
1624401
6742874
9130862
-861106
-1344687
9833679
273925
-4839892
6233525
-3537801
7075889
-4424267
4664331
-4349755
1245809
-1183408
-9175787
2163670
-6308810
7852691
-3853772
-686971
-7304795
-6904874
867587
-8606287
691046
9790335
-6229361
-2261645
-24374
-3365894
1055584
-4895041
7358371
-6339359
7880610
-1118733
3342298
2278772
-3583888
-3126331
-6934138
8719038
6053932
-6232440
696066
-7326888
-1804703
-3092793
9573383
839924
7025812
-1467210
-519504
-7217212
-6920472
-4545468
9674932
-9087546
-7853670
-1324073
5386444
1707832
-8491411
4493320
-9423472
-7486490
3781800
8790480
3678165
3678270
6880578
-1304376
-5847066
9087884
-2547775
-8195859
4842564
-9398143
-8184385
5979367
-5463623
-9762315
-2066258
7584303
5736692
-3508309
-7684307
6928764
1026306
-7189456
8283885
2624795
3957353
4554560
-3669282
-3901706
-4271475
-6773051
-7704961
8022940
-8133464
-108067
3341351
2990088
1850565
7320032
8227426
2641961
7733221
-7589199
9334717
8406434
749287
-2983893
5497231
4143001
7828213
3787144
-7022392
-5780491
3014575
-9349402
-8861398
-1304313
-9199915
-825160
-3391004
9713127
7169410
-9248844
-7284185
8262129
-8619648
7873705
-7061673
-4775154
3730159
-8307248
70462
-4803112
6958584
3807517
136824
-6220874
1002120
5975775
688806
-3087066
-2085188
-5123789
8139450
-3774678
838657
8332655
-1440136
-7950854
-292241
-3959236
9390242
4693145
4973890
-6621665
6842103
-8217177
3307183
2928704
-5475689
5430112
-1818396
-7596351
-3777501
-5762291
-2841385
-2735262
3072160
6753382
-1744966
9747855
-4034233
-9622457
9490964
-2285323
7422502
5298435
6498943
-6252214
2673193
7714502
-4825324
-945611
3510069
-1546314
-9650961
1905415
-5338888
417213
7564422
-501835
2566377
1334601
9131245
-2821034
-1740468
-970349
1514353
4576193
-8038017
-1513225
1633226
-3207858
8318701
-2594458
9938438
5076576
4464739
-7065352
-4020294
-6216277
-4553518
-4105007
-6059552
-1505193
-8281062
8387910
7110990
-6349057
8694992
8757973
-5557125
9087771
7903463
-3403288
-5964361
-6596775
-2640984
-5487025
-2859458
8522496
1243202
-9570682
-3410565
5395184
4453610
-1651529
8216152
-9281765
5315637
-5823916
6737269
-6009072
5142356
-8681401
459575
-5121107
4362252
-70441
3304939
-4071261
1098229
6355496
-5307671
-7218063
2944459
-7605507
-3839200
8798896
-7199874
-442090
-6948269
-6064039
-5167619
-73017
-5279022
1103770
-6953468
9296871
9325706
-4961382
-425633
-8157124
425319
-7422485
625579
7691866
-9842663
5071569
-5553960
-2842662
-7797733
1954532
4237067
-7941524
-6777642
-5548627
-2629108
143136
2060907
-8503917
-2647997
9904037
-6382395
-4289347
-5080565
6455856
3941043
9677542
5894422
9606527
3923908
958537
6884812
7494193
-141983
-3896695
2493088
-126783
6864449
-135456
-1112557
-2761098
-4516226
7491122
5856076
959863
-5332633
-3507885
1326255
-539736
-3233950
562684
-8510818
-2659124
-1495376
3334486
6909311
1752906
9910455
-5141085
8849754
-7005624
9419700
-8843486
-7775784
5882904
1671740
-7076292
8268400
8938739
-4404352
-4163644
6909681
7946591
1832589
-8046435
9240798
-5713021
-373219
6196362
-9851947
-9677738
2996703
-6886686
3185693
6611233
8278696
-3195466
1198073
-9440513
-2992654
6747489
2861584
-3194508
9360733
695279
9632027
7596257
-7723696
-6052079
-8398486
8009098
-4434683
-4543673
3476912
-3874303
-907244
3823423
-2560128
-684231
8962839
-4386093
-3352866
-6519654
-9025546
-1493788
82496
9937700
9151204
5474818
8494669
-689248
-3542792
9297316
1894895
-7166460
2951910
4635360
-8700684
-213220
153091
-7053247
5692679
3724984
8113731
5156614
-7906124
-6872827
-2858773
1253343
1271484
4458558
-8155363
-1337471
7793603
9616428
-5743293
3839391
9779775
8347697
-9881234
8205639
198689
-9592748
-8990123
-5151309
-5918019
9625504
9683668
-1995283
-4716874
-8674407
2280900
-2086838
-453428
79526
1182820
4914471
5429902
5918132
5201178
2511527
-9352131
-3131945
-4040702
-2645239
-661873
-4745173
-2943556
-1583242
5571028
-6351802
7405904
9328408
8247416
-2022656
-9628427
1421426
8018999
-3775977
2807223
-8208232
-7882916
196761
998962
-7771395
-616884
354731
9941842
620942
-2559963
1567718
-222093
-9777129
-8141200
-4612456
-4788177
1284550
-5373029
-789927
-4650172
2720962
8388719
-6873081
9062073
5996204
1346195
-3066733
-7280141
-9682677
-4304439
-6265380
9974371
-1506313
-6435257
5631666
-4060812
-2483666
-2040686
1723473
-1559540
-8495909
8382835
-2430302
-8824009
-6869589
-9709593
-150279
5113552
7484599
6216374
-2815246
-5807280
7369084
9920442
2445042
-9366889
6957401
6981358
-3796084
-3560355
-336397
-2608192
7688110
-5712664
2780381
8931977
5089329
4191689
-4811009
7749201
2591407
2911385
1295461
-52360
-988591
8843177
5439636
-6438397
-6113213
5871043
9994631
1129113
7316289
6527278
-55619
-3050093
-363540
-1751204
-6752585
-4701050
4812998
-8637847
3943979
-9677927
4264325
7208609
8806636
-3265951
2741578
8836583
2762856
2659488
5277163
-7725120
-3475987
8029807
-5040876
7999371
-9662159
-4039022
8386237
9653628
-6262453
2710972
2741609
-4050984
1685774
-4528753
-2307459
-3690641
-4497261
-1427064
-3044689
3429118
2067275
5023568
4490698
-2259024
-7571081
-9441039
-6759679
2396069
2382269
-8463988
6792700
9916034
-8765598
2983315
4142380
-9505782
2401492
-8895684
9850229
7144940
-4480597
-3251577
-7138920
390363
5237619
9784266
-3836066
-6903912
-185329
-3622998
-5153326
2366020
106001
-2381702
1133076
1054859
-8970116
6214061
-7531362
8608598
-8188881
1548833
4595909
-1751432
7951001
7956632
1690374
-3161379
-7736881
233957
-7442950
3260235
5639454
3687016
2972632
1831038
-5879450
-4528077
6936953
-4172295
4059366
5693819
9156070
3586639
6780994
4337072
9195476
-4052884
9770410
-1307014
-990812
6479145
4058976
-8613739
3449091
1419292
152963
3662935
8669121
9585878
5747677
8450367
-1801482
9392158
-6865773
1622492
-8597394
-5109670
-4628904
-9598106
2767577
-7070931
-8487273
7914546
3690427
-1861425
-4271254
-2713706
5623417
-8454171
7738045
-1085974
1874419
-548534
6082728
8608139
2298219
-5271905
-4511324
2472092
-2665709
7968922
-8928273
-2006160
-927498
-4300882
2354658
-2922144
7286209
2218031
634013
2733306
-8090275
8352660
2846016
-4252110
9255081
-6531062
5245374
1022801
-4299122
-5398757
-9949249
4735248
-1271187
-2068120
8687243
214666
2010830
5534874
-7066828
-4463297
1393440
-7104596
-5455544
8617
7387453
8918262
-5694048
-4813953
-9023352
-6327805
-8425475
-8439596
2008111
9139913
-2377102
3351449
592894
9481490
-466605
-7291852
-1536936
-7772235
-641166
-3452045
-7576933
-5323795
5874165
5307390
8751865
2895496
852624
-8666695
6142241
-3897239
2951811
-3517585
-9952298
-203851
5488394
4057590
3338583
9434959
8222892
2367347
-7961484
-7774325
-691420
7568759
-1952875
8487636
2870486
-5232757
-450975
-4675239
-5660461
-8678967
-4973497
-155127
6668831
-8659027
-991877
4827208
9064164
-3515738
-1070933
-8346269
-3018605
-3489480
-8137344
-4062645
2716534
9033782
8835809
-989260
-274618
-9092161
-4786725
-821159
8139805
2298180
865240
3381548
-5598321
9168849
-424737
7109293
-8363595
-2522283
-789293
-8449598
-3194484
-60097
7777342
-3336434
9977618
-2921185
-2769401
3985666
2121094
96286
-1497752
-3774678
9639032
-8754326
-8340141
2234490
7113423
-3790637
-666179
6274228
-9903414
4493554
-1479503
3983411
-7236898
7247699
-9302874
-5511927
-10955
-7199282
237103
4475080
-1077363
4480400
-9781625
-2603456
2881728
1785511
-2276037
2970328
2031740
-1972028
9929342
9187324
6178668
-9044317
8530790
2878521
-3222327
-8893596
-7186705
-8834255
-1837834
-1995481
5520553
-5912430
4375412
-1453783
-2106970
-5419113
5822436
7394341
-4809778
-503263
5241447
-4620555
-3935664
3560418
-4345287
9859261
241356
-262743
6530498
-4492432
2334680
-1138320
-9256382
4622859
189943
-1297226
7849117
-6520238
-1973720
-1889595
-573489
357870
6163580
-5186500
-7802946
-4763023
9296456
8209179
5781388
-4530538
4466013
1305516
6913099
-2567093
4545271
-234693
782438
-2378079
-3042134
2788157
1963987
-9536150
163066
-5451130
-7145010
9275178
-8233319
3638497
4022866
-6633912
-2205269
-6049837
-8631971
2792419
402431
-6304421
6502277
4991021
9298917
4923243
1017961
-2145281
4562014
9206691
-8077346
-1354733
1151157
395739
3681014
-5548164
-4064516
-2822699
-5736165
-4150791
-7761750
-4795057
4943019
-5871260
1907917
-9330387
-5262066
-4391411
9579520
-7299534
-4519443
3400710
-1007690
5010987
8536537
2735569
-3364654
-7595885
9251836
-8112314
7983302
1879982
368770
4288469
-5475397
4936936
6815441
1229687
-2962169
7341953
-9156022
-9725485
7123797
-3626683
-9843588
9104054
7567179
-1826720
-6375967
3295162
-8162727
3727455
-758950
-6427018
2769770
1184474
6905822
5781138
182455
8382496
-2396905
3008381
1362112
3454617
8899365
5689523
-4735028
-4101363
2424231
-2861183
-9977876
-6457194
-1021068
470247
2362884
1922063
-4470211
6276361
9656470
-8435261
8874438
7978854
-2306134
4607142
1442988
5786399
-3051058
7683871
8104565
-2591229
2391339
8799638
2441380
-7338473
-2757692
-7871738
1288641
-6402025
3071261
9589028
-5091115
-281411
8095061
-5651068
6247106
9437762
-7601303
9955813
-3537694
-2402194
8114917
1271844
-7896227
7049582
-2872432
2631190
9290146
-2304988
-5459966
4388034
2889222
9809774
303482
-8692448
-4330355
9159238
5970237
5889391
4220088
9986310
-3740521
-9296614
7745576
-2664211
-7851467
-1517285
-4598180
9282561
-6254791
4782529
1773706
-4713552
8516318
6039432
5397402
2501926
6137995
-3472674
-5979891
-893421
-516920
8757439
142523
-953580
-3548356
76291
-2788375
8559025
-1998515
1229045
-9375748
4002776
3820964
4812127
-838673
-5137152
5857390
7490560
2665890
1428530
1396598
6937883
4217206
4079110
-2482213
-2678299
1562673
4519356
-188488
-570459
-7095248
-3378713
9737470
591274
-3686709
-3210643
-4877743
-4847671
-5992949
3809541
5694508
-4523562
4611630
9302914
-1044987
8359395
-862749
-7882
-6212912
5090325
959092
-240330
-5723806
-4583126
5944095
-4261234
6542504
357796
-592641
-8001099
5968121
516310
4371224
4103066
-4214812
1960396
3309377
3526662
5157312
-9430717
269203
-6603775
956545
9577388
-1534302
2461002
-1240549
3425056
-4777491
-6125035
-7116790
8745288
-2205827
-6941339
-3035443
-9897017
6670025
-7169680
-8296881
7669826
9209698
-5942831
-6986249
-890727
234268
6759752
3018790
-3091752
-2653060
9892060
1897079
362443
7623906
1292242
-6275270
3011009
-7320314
2682904
1241707
-4257117
7314212
7917314
803026
6902037
-7313353
8149836
-8656568
-7433355
5970277
-3407864
-4271302
-9128237
-2973594
5295891
899126
-8392590
8793164
8666113
2220188
403507
-9193790
-5989235
-7871510
-628536
-182058
-2589816
7922148
-9549820
-3782343
-8716244
6157557
6095878
-6792744
-258211
8539816
-5857728
2918638
-2250357
2437854
795050
3379627
8462808
2797697
4049984
8881821
392184
5036018
-8169653
-8655496
-451377
8861612
3665074
-73499
3824594
-4221837
-8472053
-8317204
-8145688
-517740
-1387194
5964601
-1232646
-1904647
5254819
-4715394
-8357607
1571855
8588910
1531897
5173862
7028059
1855547
4350690
-6910147
2109370
-1390596
-2973292
2888347
-9921072
-4403092
-2443370
5621677
9511754
-697324
260127
-7558251
9275873
-5831894
-7800523
-8915788
-5783131
2377313
-7327548
3020227
5470654
7879874
-8933943
-6489597
-1375402
-6693228
-3958902
3734542
2832084
6929650
-2080302
-3817939
-3957207
-8968840
513579
-6028910
7298890
9203296
6180087
735288
8878380
9777410
-529780
7702835
-758221
-5503408
1258404
-3852593
3628702
7724014
-466387
3552863
-7089208
8370406
-4463390
7835983
6728312
3764145
-5977182
-5295272
3658719
-9592507
-4747748
-7984568
2674387
-4630900
-7814541
8277899
5449651
-1480051
853143
9296868
-8997469
-3064708
-3901023
6267618
5932495
3763253
5416002
2115019
7909772
-9096664
77492
-1077390
3764156
-4282948
-1691659
-7181395
4305591
9215723
1743343
-5231826
4518858
6735061
1966146
7861877
6328842
3111813
4870282
-8748676
7887331
5128856
1298920
-708840
6256564
1855734
8964669
-6979239
-3292072
-7842445
-3654607
8915340
2152516
-3504459
-4731119
-2421940
-5136961
-8361654
6890495
-7889050
-1930787
4930297
658547
-5751422
6290184
-932896
9241035
4653326
8047157
36389
300626
9288600
8292877
-2319788
5443523
-9539758
1513917
6326195
8240121
2814416
631003
6459653
7861403
-9068711
2539585
-7853371
4896884
6652705
4348793
-1314934
-6058949
-4671326
-8064256
-5892465
8518880
4563071
8735694
-9498263
8453714
-5709780
-2036506
5163752
-3904251
1574789
-1566828
4273873
-6372085
9683332
4421202
-5859687
8040915
7214393
-4915441
-5767689
2883502
-8190766
-3392205
9468218
4214273
-562634
-5632651
-1875204
6626845
9434410
-6230113
6177698
-1146209
-1783236
-9394220
-3541020
4583421
5472955
-9061452
827563
7410040
-7858596
-6586805
8286522
-30944
-5833638
600684
1109758
1900451
6909456
-1702784
8574905
2448293
-8823700
-8343700
1551471
-927498
-7213400
1063736
-9316185
9305917
2258842
8107814
-189182
-8025037
-5521544
9071271
-6384184
8759403
8819764
-2108565
3866437
7032582
8989742
6464379
4754628
-8840435
-2748556
-9234696
-4671542
-136252
-2694054
-8995537
3177640
325801
-4951167
-1770827
-9901559
-1466926
-872408
-5878063
-9050546
-78923
3611183
8105994
3221473
3556876
-1618035
2945737
-527149
7880159
-7361027
-5675060
7440374
5951901
188230
410661
-9231044
-5971831
1813765
-3525641
-8792890
3249349
-7459738
-9209765
4013181
3900864
9070069
6062934
-3348760
-2715493
-3090355
7078493
-5837319
-6104445
2426201
5882629
-8574142
2932703
340790
2857181
5913087
-83624
-2476079
-3371100
3569004
-822734
-8140610
6924556
-170787
-2306983
2654305
5458693
980544
224239
-7864476
-127320
-696565
-6191519
-7543454
-4368082
1296049
-5392531
8668096
104173
995047
-7422494
-2777308
9803902
6739680
8255489
3932669
8475119
818616
631413
-944678
7971772
-8288286
-4166681
-3724502
2697172
-4506048
526218
-4049683
-3826508
823640
5051740
-732007
-4858396
300617
-6021998
-5793266
8716313
-9823980
6169210
-8730457
16972
8988613
6410942
-5022103
5452529
-5406145
-8357642
-4119580
7209609
3096968
-3388141
-6812878
-2254093
9145516
-8836347
8435296
-9420597
-4310880
-2586596
-2518400
1443221
2545026
3341735
8145621
-8297831
-30281
645676
-9620216
-9878923
-7149650
891210
-5690784
-5178923
916251
879884
4916322
-9403225
-4390353
-5316370
-1156845
-8143434
240104
-5977211
353817
-9007246
747209
5680430
688130
1137182
1735277
702667
2600985
-6674351
1783426
-9648960
-2102332
6670564
-9920527
6528711
1209741
1251868
-2332515
-4714282
-8561336
-7727766
7971418
1526375
-8926461
4515490
-3863997
4779731
7209080
5981631
-5372330
-1278418
6036143
7480832
7634070
4745875
6674240
5199679
878200
-9202368
4385496
3710916
-7198503
5885680
4993215
-1154079
2395688
-3164655
-70078
1105559
9813159
1483540
-8405341
-3764607
-7202793
-1461348
-1663784
268940
-1056865
-6355981
-2543795
2628025
-4237079
-8511383
2084814
4384172
-9183365
-4688524
-7592126
4275222
8231916
1951066
9920429
-7822867
-7513646
-9339793
5483768
-92927
2967845
-406170
5237728
2536547
-2105874
9056521
-9687672
4902242
-7234889
9922794
3720050
5311306
-8371231
-6665332
4596092
-6297133
-1718062
627222
-1023204
7204464
-7293985
-2365521
-9957370
2197224
1768802
2827518
5066299
-9794639
-4194455
7543462
-1423839
542649
-564377
-2560339
4953707
-2666339
2399698
-1451337
2357935
-6170237
2265525
-8807178
5321838
7867577
-9664217
735796
9964976
-3675741
4593881
-6983972
-8663640
-2304530
-3657187
-3215065
5388927
5271138
-8366633
7600715
2301039
-5288592
-3772784
-4658173
-1249342
-7477706
5860229
7758261
-6786739
-6636555
-4731400
8931042
-381502
6130793
-8873301
-5818978
-5627780
880413
5015228
5751902
-3322446
2552646
3959199
9155927
4412956
-576143
4582042
8124041
4539635
6058244
9579248
3904598
-4756901
8037305
1643141
4366503
-8190152
-8267170
5617332
-4072885
5760689
445357
-2235688
-4681876
-5587425
784781
-4532526
-5254278
-7273453
8524709
9515294
7679520
-9113671
3007232
-4944299
-1110377
-3056178
-8053600
2001009
8455432
2017832
-9421602
-6203851
7907859
3833565
5691830
9032165
9388225
-8163728
9978692
-6808419
-2526238
-2449132
4921629
7666313
-1411312
6186447
-7361391
-5885562
6803420
-8259012
9953104
2983142
4392483
-7715004
-4014595
-6617523
-8731601
-1368312
-8822499
598371
5960323
5617594
305577
-3097015
-8085005
-3755233
-9479971
4750461
3561247
2683319
-1127736
1548683
-7187609
3219469
-912985
4510472
-341896
-6413443
4448515
-1811490
-5619628
7797575
3265670
7616941
-8604234
8454163
3286515
2370177
-2019680
-5839360
8513533
717752
-1612867
738654
9162716
-126213
2803223
-9845968
-7004384
1797753
-109553
1549328
-2221715
-6743206
9842851
6766480
5520965
6075368
317074
4451571
6773294
-7313881
-8130061
4541760
9675729
2493043
501346
2101210
-4897120
-9924280
6419600
-2670189
2728236
-6821074
9201175
1883644
8094268
177789
-3826298
7905120
1109398
8454066
-3539120
-2201642
-3729082
7381330
3272854
2075101
-2627821
-1480511
7223816
5567556
-5123522
2402261
-4584124
4570072
-6621524
-4133362
-190157
1753878
-5073407
-9527107
-8937173
4295462
-3798600
7143854
8430225
-7535394
-414224
7112862
-7134615
-4427362
-6127346
3474939
7772461
-2205281
8753559
-2292939
-8459685
6431833
5186350
5340680
2786230
-4554390
4821440
-1484583
-4904944
-718797
250342
7801030
-6411006
-4315962
-6793189
-6025017
-9934366
6035507
-479799
8571307
-7423225
-2302716
-3178982
1825580
3926095
-7434649
-8689721
4922847
3392443
1283637
7323619
6143865
503012
-8109263
7637987
5188540
-9290535
5671021
-904109
-8774635
588108
-4031479
-9834566
8269712
6816245
5901747
5616243
-6752901
4038135
9810033
-2359150
-9406928
4838718
7420027
-2305201
-4544061
6588659
-8052676
-1662557
-9628055
-3450462
7066671
-5403871
4113514
-285806
2086935
-8923013
3156308
4853671
-5426111
6494347
1257326
1257053
-5018807
-4834243
-8551432
-4464509
753187
-1323739
5926540
7830038
-8412922
-8956957
8784240
7553128
7509388
7757217
-2650914
7851593
-7008573
9709471
1742904
-1575811
5635004
4986899
7301688
5505692
2227588
-1468989
-447643
-6150536
8670055
-2507331
-9406989
-6661816
2018077
9342888
2250498
9243848
-7604165
4340546
-2205810
2078176
-5990708
-5982129
-8833968
6772022
152279
1276146
1813365
-6537512
-8148513
-2349861
4084761
3124600
9493062
-1642857
8007886
-1316446
-3013533
2038308
3049886
-8975676
-6699443
8013985
-8486810
-8895853
-6718534
-558483
116795
-8357217
-3996848
-7764398
-7513223
-6542597
-4331525
-5708529
-8581893
3266335
-2585093
-7360929
-4192233
6974394
6818794
-1302044
7301047
-2767578
4541717
4289789
8173491
-7280203
-6521858
-7329673
-4930701
-8355380
-6191632
-2837692
8553572
-2743557
-2780939
-283321
-3019248
-4481510
-3270272
-955093
-1076054
-3653674
-2508441
-5192836
-6557420
-9470464
6022877
-8183486
9430571
-6773872
-2455222
-671423
6323717
-9998784
-3526980
-640779
6603809
-3618376
-3561912
-5797261
2839062
-2279037
-8348317
-2266819
-7498848
-943150
-1587474
5936972
4059262
5940960
-6323534
-120679
8085300
-9284223
3061376
6240589
-9176599
-9186069
9658161
6246288
-5464920
-6242179
-3416645
366749
7739196
6563075
-1229172
-8413900
6042409
-4235177
-3366346
-1607356
-3631039
-9156322
8953955
-4555203
8526748
6387048
230849
1318127
4389688
-3282071
9673003
-6626546
-2688139
8299106
-8304675
-8812376
335630
5923891
669760
5019523
-6609592
-1473934
-9597777
7177121
4329427
-8742311
-2853684
-9073902
-4837634
1168361
4338889
743108
7155718
-7708807
-9732986
9619788
381502
-5650007
-495203
1003770
9804121
-8768774
7884
2174298
3177192
9355773
2325823
23861
352196
-4802782
-9828885
-6508538
4000145
-4857987
1922760
-1815860
8031961
7403560
-7581661
5455660
-3278481
-4109220
5295714
-8446368
6442873
-6169338
4598499
-1958490
6260213
3847875
-2102963
-868673
3454551
8868768
-2736897
8618464
5097523
-9533149
-4613086
-9320396
5814385
-7782257
5151148
-9154912
2577362
-7164526
1791476
8570256
1070567
-3699599
-5047358
4283714
9609348
8529864
-7785106
-3441014
2856730
-1538369
5379547
9404153
9728122
7911515
-5439855
4738756
-2316727
5795149
-8277147
5596291
-6365000
-7191208
4637329
7985875
5569213
-5418712
1285261
-9005172
7844108
1151018
3333783
7166608
-549597
-3871957
4693616
-686016
4775423
-8734896
9073494
4254212
5699031
3267439
1343256
1668381
-7327850
-4443135
7434648
3364039
-365370
9721842
4227275
3635664
-8779121
5506617
9210450
-2795454
-3332413
-9878856
7437447
-8553974
-7256708
8951047
589555
-8272238
-3487460
7855919
7529074
1127011
-1315223
7145298
-3787993
5211875
-9281128
1286613
6422459
-9919685
-4756374
-60285
9708033
-6421837
3547943
1092787
-8349729
9376321
8184613
8637516
6601024
-8845790
-8693732
-1812842
-4733945
460094
4251631
-2327422
-9065299
7971510
6146107
-2051998
-9561816
5605141
-8035407
2474975
7325071
6115473
-6296246
9390378
-1487626
5818273
-6940419
5397755
8161804
-2659153
-6711267
504381
7039088
5915795
336707
8907130
-6431966
-2395500
-1850343
2996153
-7292878
8044417
-9993018
-1323253
-2456393
8399755
3323084
-6537185
8347843
-335209
-9735314
-8251403
-1572556
-3580537
3610263
9462875
4007878
-8481226
-5293414
-8779573
-3287255
7556534
785805
2729744
5075744
715642
-3675307
5639834
-5150955
-7484505
-5021773
1567515
7119172
-3560512
5621746
-7861634
2535568
-4998853
5631828
9218424
-1868128
-6639685
-8378649
9411918
-5366490
2743379
372202
5321410
-2950042
-3190244
-3124204
-9263657
-2355402
5024773
1016780
7729580
-1816125
6142206
4493781
-5236623
-8554625
6389579
-3439959
811168
-4530451
-6673345
-4449577
9122669
-7643722
-2293940
-9048601
-2568829
-482437
7864727
3837050
1638815
-4143220
-9373103
-6347809
7524391
9665492
-7658071
7525800
-6918608
-4279164
9520721
7773729
1131115
3640859
-4965154
1494674
-3132284
3118802
-130434
-4961663
-6435685
8230394
3605078
7271771
249418
2913178
8618102
-7721697
-2467272
-9763053
6203731
-1889488
171013
2236141
-6355179
3922764
-8923663
4098617
-1081062
1722111
-8850785
2058240
-471879
-3862978
-8515769
-3755354
-2205532
-1554685
-3832058
-8109467
4469218
9011511
3407568
8027820
-3807060
-7462453
-6229814
4444371
-8660754
7292183
532679
3471460
3233379
-7883762
-1381430
6539678
-2609010
-8010230
-482371
744439
2832128
-2369663
8432692
-9024049
2070933
-5886396
8021705
5872272
-1669027
-5036935
-7756354
5660147
-2127123
-1839968
9647230
-2509205
2884630
8815422
-1719862
5589805
1781191
-3240077
-9295995
7411775
3722690
-4498225
9270671
9900405
6244590
-7014694
-3339850
-5439303
6032613
-2286230
-9166539
-4000394
85034
-7662327
-4857471
3982580
-8166097
5619593
820949
-1987809
6169840
-7179283
9753140
-5490924
-9173602
6934668
3692001
-6965526
2967074
7751937
-9304085
-3851904
-5605513
-26368
-2574275
-240184
-8425359
-8851773
-4610215
-6743258
9572657
-5726497
-5658157
-5042704
534861
6961242
-6670648
-6734158
5228271
6064438
1985269
-8552778
8592020
-7625997
-8733567
-6550922
-8411908
-9250632
7932279
-9981251
-981786
-5937619
-9740177
-4249148
8630504
1636270
-5097496
-8042742
-658493
-57072
9498748
-5145110
-5514710
-5948840
-7573255
-2318922
-243147
5118656
3712912
-6907110
-3492708
-5347044
9504677
4961357
1952435
-1959521
2512901
2416327
1105446
-7615081
5888364
4182965
3809340
-4923725
6683834
1324631
8046938
-8202783
8772922
-9040563
-8522810
5657375
1296596
-203339
-1964627
8015133
545968
1433616
-118662
-718427
-5901388
-8329099
7448337
-3143899
-8792980
-6400235
-3799187
501302
670274
9224285
-9682305
-9461300
-8505154
-3449726
-4895987
516511
3443800
-2880862
-5652159
-2433241
2095514
-9107286
1309164
2946842
-5754832
-3564658
815242
-4071523
-3705090
-5602255
66691
2156174
563500
-7326198
-5425185
4215480
4469718
-8254463
8861236
5986197
7428159
-2129747
-2174438
-101817
6403828
7859190
-4825836
6504491
6172416
-8538348
4723691
-7787209
7327146
8335058
5102963
6057946
-2966018
-4787711
-7611700
5413886
-5802124
1422971
7919081
4808286
-7558233
7563011
-9531679
7923695
6398204
-7320886
6753970
-5304305
818428
-9654147
-4625721
6894733
-9044445
-2691886
8579899
3432475
-6881983
9096018
-8400144
-7953227
-4447774
-8566986
-2054650
1005519
-1492010
9347678
893730
-8081330
5571314
174726
1431281
8888695
623646
-6450469
3847786
-213580
-8511755
-983813
6037172
-8216442
-8578736
-5250174
4505031
-5976128
-1575433
3559508
-7741356
8323865
6012221
9819214
-843612
-64228
-9331386
-4590244
4583191
-5261286
7541415
1805603
4837657
6475162
-6200460
-1695429
-6530092
-8237442
188339
-9375457
-5829616
-8914783
-4452581
6034822
-3090844
8257500
-6027058
-465157
-1132779
-7451625
-6348750
-9634246
-2453888
2345814
7349450
-9988527
5964850
3747285
-1955725
5417110
2659809
8115825
-4161718
-6096041
-8415303
-8574455
-177341
-8895862
9089858
3437062
-6324980
1004003
7740780
-4824307
409984
7998979
-5405261
-3219522
2890570
1751560
7065278
8355674
-1922511
-5676129
-2442695
-8365803
8561940
-4143544
9122585
7548151
5286532
-1936755
3337276
6302997
3813884
-8791413
-9600314
8223442
-779419
-9431462
-8881472
-3746057
-4819610
-2915594
-9057951
2400690
-329412
-9502969
6020002
-3732308
5113830
4319272
284559
8667831
1110875
-6257466
8243667
-6487508
101134
-3175748
-7798657
2373496
-4449658
1065035
284672
-5231131
-461577
424573
-9040427
5721763
3674579
-2892253
-5151920
9337289
4261332
-8678843
-1610370
8934883
9926826
7409741
2447424
-4687714
-7613374
1265609
-7287982
-5693422
9751146
-8739618
-2567521
8075475
6435454
-2099589
-2569621
-8627099
1405829
5551258
-5039774
-6942268
-5075676
-1987373
-9676438
-1083474
3307619
427814
-9670728
5087880
533227
-5865222
1994690
8667508
-3338912
-4733756
1714184
6245674
4234193
9298151
-3193606
-2528120
-7290618
-6520852
-5491245
-6885722
2227222
-1959694
-2225840
-7076346
-2902377
-8501966
-507252
-9275738
-8181441
8009796
-8016465
4358083
-3843577
1214277
-1790382
3190552
-640849
-8837565
-3231665
6463582
7722523
5324511
-1181548
-3478432
-1051068
1024202
-9922254
4211961
8938122
-7856579
2600949
3557178
-1231403
323034
9812927
-4263285
-9841056
-4072652
-3994935
-5526034
-6958393
1877077
-1285342
-7736497
-3253108
-4869087
9149075
-4751962
-9982402
1576853
2269553
-7243851
-7766443
2105417
2571306
-7237585
9105414
1076450
-5650046
-440225
3012021
6192695
4029992
2016078
4938401
2938762
-1560785
-7948182
3722344
6800893
-3728650
2312548
1420099
2161658
4890367
-917402
-9144742
-4799644
1806884
-984945
1086026
-1836116
8641414
-3428087
3484479
456736
-6820121
5354753
-746038
7158122
7163288
616102
8545607
-1999441
2487242
9316633
3869092
-2791480
9781940
2666957
-1860968
-8884215
-1238194
4769078
-1575845
-1448852
-1060456
-1907496
4312560
-2923485
-3002991
7523074
-2368695
-2061579
8562937
-2389434
3767521
-3753373
-7231574
1886287
5429965
-4410166
1353988
1235516
-8704475
-9385044
397628
8040975
-5185159
9468915
7429952
-921471
-797276
4909474
-8193530
352665
672936
3621331
6450050
6665678
3639658
-4118324
3038669
-602605
1713591
832893
-4875903
-9382732
-5858479
-2926139
5337243
-6939803
-2228305
-7872269
6846922
-3564944
8875592
-5481854
5246118
723155
3878534
8961435
-7617975
-4436783
-4978442
-2976909
4317689
-3518296
-8415677
-7358492
-2493228
7726612
-6938791
-3290961
264046
51611
5669806
-5248082
-747913
-9725130
801078
-3826264
-6823003
9645503
-7118258
398246
7396163
-962989
9142378
-3086095
1920639
5535303
-5840594
1265712
8354526
3160918
-6075540
7875789
8104460
5372822
-6558671
-4748037
2950309
-657985
632510
1057002
-6868223
-843339
7669076
2460540
9630647
1817219
-2492987
-9005873
-7507949
3644574
-6054354
-8451090
-294889
-2301342
1889052
-5955398
-9685709
2648435
492792
-4613639
-2464468
-4786523
7669323
3057055
-121305
7453943
-2527212
3348026
-7581016
-6903466
5418680
-9109176
6980593
8110857
8204500
9060791
-1874704
1581719
-514346
-4527893
-9837692
-2771206
-9443092
-3894694
5073319
5918654
-6387668
4952822
-6658520
-2179567
9160007
464297
-9830762
1058556
-2406815
-8096103
7461006
737761
-8017879
-3038543
-2162405
-9225833
3789633
-7496929
-2189901
-8025391
7128527
-6957003
4158530
-7598129
7331015
-2132125
3190024
9308403
-1076131
-662716
-7663630
-9761170
-5090075
-2012425
-2932871
-4853007
-7478061
-5201081
567182
-207440
-6594742
-9745854
-8969367
-9988098
3506323
6010345
-3230345
-8678249
-6116107
-1916915
-2231112
-7849584
6827656
-2778588
-8405911
-9870086
3204479
-6851611
-2698099
4798792
-1789367
-7940772
-8979147
-8398127
5682458
5605007
-4682659
-5395871
1652527
8647396
1644606
-3355562
-3600609
2270163
-1127849
7683764
5619818
7386881
4121316
-310488
-9156854
7058935
-431161
-3440909
5808509
-6471211
7557540
1796239
-8292106
-591439
653798
4931912
4211297
-1279781
5831498
1403532
6183165
-6248398
2425256
4533008
-7765168
-8925147
2865172
-3314375
-82632
-3681523
-4968868
2433528
1653119
5106711
6040974
8376344
-9353491
-5303260
6381952
2295880
4322846
1439157
-2373987
-2655172
-4768130
-7104283
-2050841
-9387255
-9184035
-2761644
-4560642
-6130744
-2319443
3121734
3016
-7639483
-3157667
-8600073
7380713
4934270
9775695
-5491097
7408667
-8008597
1271755
-2339051
-1672577
6727810
-5915628
44436
7548036
806055
-9613121
-1727881
1149146
2430693
-876530
-1867607
9344460
9654289
-1643692
4764406
-9753114
3535557
4089186
6904330
5752397
4887381
4354089
4808836
9802890
9767266
6132636
7772328
7289168
-1494636