9342005
7832455
6312592
96898
2834019
-1500236
-896716
4195498
-5341307
8275439
-7657671
-1504938
-1577422
5002150
-6685203
6972884
-8615878
3266669
-2064195
-1004686
-697878
335793
-231763
8866980
7262465
-5083875
4614668
-7124859
-843507
-5414297
2889535
-1751773
6686340
-1342326
-4300494
6191511
2739883
6202421
-9757496
3284530
-8595248
-5715746
8822876
-7387544
-9375223
5140664
-9985802
4347402
3237977
-2132878
-1759263
9408650
9509692
7867302
-8587735
-2418120
-750694
-3606674
-3005948
-6128672
4487452
8333916
-1120277
5790481
5715241
-8312551
9188893
-7520659
-2740993
-8991507
6989655
-63888
9521969
-844473
-6777433
4432806
40868
7810121
7490852
6526583
9341993
-2755474
-1599541
-3233745
6096025
-6557373
-1489470
-5002710
9298506
7853544
-4470421
-8942053
-8362733
198515
4182276
-8671331
2209048
-8816973
7949837
9530610
-2617650
7985444
3402540
-9699650
6801918
1064250
-5775414
7775540
-9923537
9487029
82264
8683583
-8752906
-8573313
-7170695
-3868145
-7222562
-6053199
1736741
-4781609
6150614
-1707835
-7073888
-4270592
-8659528
-8455005
-2806835
5288406
-4829478
-7491967
7159720
-5228711
7620967
-1913433
2821951
3269338
-7523916
3150325
4298308
961928
1085432
5097932
-5312746
-6961470
4799300
3828821
148387
-3599153
1567486
-987221
-3909513
-4599547
7837132
-8575073
117014
6705409
2757812
-1285699
1961945
-3068926
-8475056
7559696
-1940700
5935357
-9984711
6523978
5165187
903763
220733
2806112
9113840
-7549850
-8015627
5324509
-1197466
-8464484
1680285
-7168211
1783193
3875434
54031
14721
-5074563
8893637
-8063736
-5357460
-8031235
7408054
1333628
-6631582
1653294
-3565037
2595520
-1356129
5047385
6503470
9863315
-8659852
9743429
-5462554
-8428959
-9181881
-9546625
-1649761
-8017128
-8580709
-3927525
4938974
9415563
4724309
1264032
1941803
-8213516
2095905
1409942
-7641454
8464544
-6275114
1844400
-770939
1295916
-5929433
1989125
5753249
-7935319
697376
1277491
4433711
-4305073
-9467651
-2222632
4023454
5119514
4563666
-6296782
9304423
-597399
6990879
3591581
-8466351
4148660
-2343124
8399039
701397
-1169595
-9515075
-4107640
-977892
59997
-8947956
9364858
-1413115
2030150
1002117
5606773
-2742103
-1167404
-4797043
819474
8685501
-6073864
-3727249
7029186
2622293
-8584977
-8940000
6982027
1345231
3202058
8665146
1299750
-5586122
71053
-2140286
1117670
-7132991
5447925
1093694
5807946
-9181280
1579180
-5017819
-8368852
-7311274
-1268993
-6305442
675051
-4224503
-801122
4821144
-4919921
-5649384
-8634072
3044101
1252757
-6971628
971890
3063620
6688480
717060
-503450
-1450154
3751966
-1354930
44074
-686973
4374449
-2630318
-8756161
-8607962
-9511034
114069
9592061
439358
-8932985
-5752111
-2911790
-5266206
9416431
-2700660
194803
5335278
4976133
2295724
-9411046
-5567804
-2213062
-6205446
-564831
-2536633
8268202
372425
1989324
-9538362
7928001
7841009
-9913087
7997566
4367682
9691405
-8147340
4412578
9956811
-9048699
-5154568
470707
-9284131
793427
-9985863
7045060
7238962
681405
456524
8566340
2281427
-4052989
-1606153
8846979
8702839
-402202
-8060012
7969436
6087709
-2658777
-2342009
-5217384
-2152241
-6946850
3576232
357699
2126862
726540
3201012
4168853
2182352
-1394603
8052337
7213102
-2743699
-8764059
4230186
6416810
-4621911
9731882
725840
5141458
-3154857
-6929897
-9445226
7389497
-2927283
7245748
-9100202
6750199
3704585
-7278235
9162828
-7737381
2956832
-8895145
3268495
-6797130
-2516910
-8303550
-3563293
2393283
6363269
-3608395
1007979
-9087525
7747723
-4125770
6501736
-5610813
1252926
5723159
8469149
-451058
-2741933
-2868063
7640298
-3125323
-8546160
-2651083
1959709
9399527
-6902388
7086208
-5627538
2215905
6011751
-2356893
8598378
-5341218
5637340
-9138926
5735479
4014611
3460146
9448637
8433080
-9791261
7934014
-5087558
-2253028
-1991283
6845114
6953981
178896
-6438596
-4569175
-5542849
-7246114
5496026
-4600314
612478
8912626
-1160647
4527366
-7052994
-3482268
-4874926
452219
-2923919
-9416772
-4822871
-384730
4674976
-1365298
9972068
-5552873
3160918
8857441
-5761969
-74688
-315012
-9249646
5125958
513255
-8968451
3671837
9529407
530417
5785130
-8022298
-3807868
-7183405
477958
-4751446
-5877428
-2083760
2768684
6293699
-9069380
-5829589
931509
-2635299
-1901203
-212763
-4386112
2971025
-8351652
-7476232
-4416640
8066601
-3123186
-6541165
-9878171
-1732643
-2480951
-6926730
2712151
7435430
-3526989
712769
6834011
4876522
-3136615
-2299680
-3078221
-7216270
-5943465
7154520
9653737
7972836
-1328013
-2159648
5905608
-8879543
1598128
5393908
869633
-5501955
6746102
3160691
-5492165
1035149
1046660
-7801757
4957464
-5876490
7030352
-3097017
-1102220
-7144995
-1432852
-8831654
-2215816
-3355600
-437850
6688142
2021492
1547862
5229529
-9628501
7982373
-9755996
-7359698
35383
5582868
-1071797
-5960010
119019
1063303
333643
-4060799
8199982
2106621
3196591
-3004457
3995793
2576716
9723462
2949107
8986083
3272554
3584705
6718523
-370708
8178179
5972591
-9995524
8112661
9712136
-1884245
-4308333
5963439
-4332502
8188204
8820747
-6555418
2758870
6214215
-2679557
-1165536
-9678929
9003074
9905940
-8937542
-8286877
6850336
2594281
6558238
-8615212
-7945882
-8776782
4088387
-3157050
-6818458
6929858
6048437
8921529
2024349
-5963102
3539149
-5806711
1951557
2539936
38828
7280075
-817530
8651329
-8033022
-2067223
-9936248
6524480
6796737
6134691
-9159579
-9415287
-9125734
-3599139
883810
4705427
6189211
765460
-5424779
989907
8690995
-5316178
-9311989
-1020734
-9511371
8776947
-954011
3968319
7530569
-5995126
-8990858
2458178
-7476772
-5234186
8176852
6225092
2997967
-3912993
7405680
-8117496
-2470175
-8225348
-9302277
7811183
-6788096
8027773
8634153
5004897
-7803945
-738241
2352736
-7993779
2916250
1515308
2032351
282481
-6049780
9799435
649930
-7509596
3600546
3565717
-8329365
5673410
-6513001
9825644
6523663
-6888020
5698577
-5636717
112949
7318808
617622
7227597
6837159
1850262
-9240490
-2275316
3529594
1556982
8379506
-4118305
-48381
913274
2967753
7535410
9153732
-7119593
263457
-9174937
-7364928
3412555
-3252085
3401228
7636407
8466110
-6500102
7765513
-5181583
2024535
-8441524
8492117
7799851
-2321621
-4710471
4407639
8855193
-3201763
8435633
-8744619
3299285
-3512458
3952169
-2023723
-919515
8896274
-2217480
-4322436
2051156
9493258
-4570113
-9079416
385040
2152102
-6586456
921705
-5964319
2012531
3605713
-3413491
-5377191
2294439
-3240134
5800490
-2818027
-3261556
7196827
-8517912
9580266
5037786
4769488
-5812799
-355514
-790526
-4668935
5338796
-3637004
-551760
-1053005
8194920
4759122
-3985135
1136764
6583782
4557964
9752646
6634332
-8460024
-6665081
-7222633
-2700451
-8591651
-8696763
5968464
6554174
-7424015
7712013
-4667375
4309902
-7529758
-9243879
-4855494
388167
8200330
-1598107
-4973215
5505068
8242423
141091
-2805607
2095769
5558271
-4687422
-3978547
-7986832
-1776590
-7551264
-6836869
7877362
-2278091
-8318824
7045499
-4560253
-1026821
-6942456
4409605
-2719490
865558
-5421552
5969284
673817
2808484
-7989412
-8175988
-4771381
-2522737
-6404059
3366907
1088809
-3642362
-8724907
464561
8280702
-6230302
-4129975
-83441
-4185145
1088037
5598058
-784186
-4621358
6942677
-4378676
-3364140
2927084
6232224
9571572
-6228774
4835314
-6876165
729011
3482394
-3586201
7348732
-3043672
-8134221
-4527869
-9893728
-7906127
-3126955
-6314234
6243178
4608459
7264801
-7846713
428600
-1602991
-9001886
9820714
-1895245
-3150919
225867
-9291546
-6255566
-3284250
-9120107
7694001
6966606
-822328
-4639614
-5261111
-9063835
7183222
-9272972
8609319
-6937914
-8856763
-1601776
-6748920
-4339037
-7771636
9505969
8835459
-991581
-634270
-6566099
-9365682
-3030561
5585991
361806
-557505
7384221
2145237
-8179904
-1037647
-1747447
-9077816
581895
-3828363
245188
9412349
-7327505
6592665
6714832
4091906
-3381248
3724281
-3709548
-4539689
2000554
-9793028
-9090945
-6482336
-1023901
-2777841
-4171730
-8468730
-605062
-9667773
7207302
1689242
-3841544
-6153551
5249148
-4237253
-7164496
9303870
9547730
2384545
-3524011
6034079
6026972
-9999672
-5998857
-6890803
-2984530
8545036
5658679
4703976
-3718535
9567025
6443146
-235564
-3217955
1804083
9384178
-4772222
-6583173
-9970321
-3274962
-2242223
9473564
-59728
-4375924
5747691
-1318116
-2645285
9801906
3512084
8458529
-7234135
7834375
-4838355
-8857672
-6277149
5201111
8677566
240443
2390314
-150393
6756456
8655366
1413634
-8254984
2077302
-9079906
-6350103
6110129
-5851076
-384797
6513961
6882569
-5183873
4242230
6644189
3886329
-2747386
-6457619
-5003865
-112768
7617066
-8813917
-4640877
-4414228
-337984
7867999
3549276
592305
7528922
-8925195
-2120002
5901558
-1140309
-9262335
-4923719
-7284905
-8928163
8605125
3487159
-5744145
2711332
-7441954
1880323
-5121954
7983731
9195203
4143435
1683981
-9684773
3088231
-7860801
8536681
-2104420
-7321337
-3620137
367961
-919664
7324516
-7472989
-1566753
3953983
-5374972
-8387972
4040989
5061221
-731804
-6088562
3582421
9653219
-9494286
7880124
-4851601
-7353006
4900086
361092
5608191
-8615892
-1237740
-6182637
-8397446
-2898688
-3813195
-9493547
9378584
4443345
-5542799
-8253788
1493040
-7323061
1357945
-9088391
-5096751
-3080980
-1810502
-8564608
-813802
-7744227
5957462
3306439
-3357743
-4006321
-3569065
7333457
3281778
1976011
-9829867
1095938
5287396
1423683
394874
5427113
5003745
-7918635
-4934815
-601946
-6482896
-3550210
5751128
-6309848
-8346417
-9036082
-93039
4777344
-769405
-5805928
-4518295
602870
-5184164
-2916029
4989895
-2954542
1066786
7325361
-940718
-9026423
1938117
-1305469
-5423458
1160093
-1166580
5019826
-5348846
4963687
6687412
2330494
9020683
-6491091
9291068
-1093161
-5521031
-946419
-1865368
8087143
4977594
7941977
-5833530
-3837268
6128046
-1935412
1545182
5793245
-5845133
4546370
-7727830
1579216
-9652106
-9312811
5328499
-1354193
-9424954
5558260
-1700616
1258544
-4241147
-6006492
7310412
5276766
-3836692
-4224690
5495480
3200931
-5060001
1593755
5273003
4331689
2729257
-3682518
6281502
-5932561
-6877678
4218384
-9347159
-8206013
528994
302995
-6868235
4752110
264383
992328
1929558
4953279
-4017745
5642864
6123441
6445709
7912638
-9800765
-2632443
-419635
3158891
3239221
4033840
7816386
1172710
-6142976
7581760
6316541
-8059701
-1918750
-6063732
-2738721
3708797
8081515
-855362
5607088
9138676
3741056
-1695095
-3457173
8797458
7262515
-3682710
3332424
-827265
9106432
-4932321
3555234
1248816
5154534
-1877364
6429757
8081653
-4127835
-5960445
-8987263
4733386
4602229
2684816
5851205
-148569
-2458463
5018146
2354303
3847462
-2334291
-1299250
6122659
-5880274
6812756
3832642
-7421413
-2795129
-2650428
3171180
8054251
-4119209
7398755
8699576
-4271412
-5904215
-2369207
7164702
480601
9625941
-4499237
1873032
-5926519
-8200571
-245758
-8449587
-4932408
4593675
3447993
-6168397
6996623
3075341
-1708806
5417888
-8970812
5044607
4357213
-3897881
6156387
-3505694
3088899
-714558
-522950
-6237322
-409978
8203443
-8926887
7049060
-6345122
1749829
-7669980
4533621
-2070345
3267532
4458117
7615641
-3606114
-8937742
9813614
2866810
-5999409
8413970
4694012
3758078
908697
5221596
-1819872
7016252
2740954
-8233438
9869965
9446945
-5320293
-7132915
2665008
-8976758
128450
4193099
8836127
-3473427
2211947
-3120344
7402612
3496
9305757
-5666718
1124954
-3573608
5679260
6740216
748395
-3068588
3007468
-7674016
2578764
7366725
5079630
3594224
7589499
-4295609
-2460887
-5486339
-4653991
7615620
5298273
-3584589
-1150508
-4266149
-9078051
9236381
2334347
5012610
188151
-7030395
-2516632
-7321797
5267419
4120971
1309839
-7817597
3492052
-5590459
-9749688
-4531206
3092015
818920
-7757322
-7489372
-4182058
-1645923
4032043
560559
-7531554
459953
-4274045
7200936
4312130
-7040043
1767092
505159
2908801
9055195
649999
-2793812
-9821353
-5501304
2730058
3767789
61467
7785559
8673258
-1661571
-2561614
1667441
-6244527
-2482493
-9116213
-6503259
1664977
-1670497
-3737353
3395096
4122476
-4746041
-6498985
6418063
7019344
-5755274
3405260
-2044495
-5652691
4523621
-146665
4675711
-1508206
9553478
-5758326
-795350
-8993039
-3504610
7476517
3529044
-2057087
7144193
-5221550
3079756
-7020427
-7305153
1033322
-5819236
7032303
-6402483
625760
6315679
-6223249
-2671992
-7767249
1202218
-3677760
-3630837
-1606348
5993701
-6100704
7801955
-8803165
-3837008
8860469
-2987479
8129641
-374698
9471330
-2401542
-4492378
3410625
8002448
3048502
1143102
1825460
3168247
2298963
-8848880
4716349
-9139771
-6926620
4790507
3199826
-8588957
-5619569
-1361910
-6657135
-8761400
-6493805
-8663168
6294013
5314524
-145956
-2674643
-8355185
8377495
-3872275
-4251206
-4480683
-9778821
6944285
7707325
5191828
-6557328
-6584146
4222852
1870820
6802663
-3495553
8942567
-7798920
143650
-4746971
-9542708
-5204533
-5055257
-1216551
-2559995
430766
-5001536
8584818
7195192
5377367
7927536
-834443
-7303713
-6209241
8801714
9543876
7071983
-4273761
-3617836
-385716
-1592722
2866346
3270622
4754767
6102245
6733729
-3741086
721774
5412340
7226413
-305255
2691178
5631311
6865520
-6127661
6361585
1297726
202240
476690
8384311
-7632515
2367376
2778864
9982860
7403553
9246565
-3299438
5252178
-1425490
-5095465
-4894098
-8588778
5711199
7516817
-2360807
5016596
1388577
-1784577
-8700635
-3545629
-725844
5600609
2724046
2012459
8437657
3680286
7415365
8510864
6441234
-4389708
1200133
-478614
-9709731
-7836391
6955588
9442220
-1818808
5753290
-189045
-1922980
4148932
-4250869
7319530
77247
5705885
-2675045
-5801486
-5385088
-4647212
-4889516
-6540394
2234607
-3530910
-9943397
-3797008
-4152540
3621467
-570780
-5991563
2982579
-8141042
-5090678
-2043805
7547499
1213942
-2774787
-9131567
-8976921
-1909121
-3506487
-6442632
-3380441
-7130500
-8081018
287370
-945230
4705609
8301079
693214
6216231
6544983
-9108500
-4049578
726731
-1287083
-8545658
-8759126
8122093
796228
-2878584
8858536
882076
8738900
-6211859
-5800589
-1520473
-2500286
-4288585
6903491
5452286
-6887159
-8105923
8803990
9005467
-7962874
4816172
-9034912
-9593621
-7476398
-5139244
7732699
8572349
703278
-6450014
5883875
-5874152
7247312
1594686
-7140506
9171839
5736516
-4048688
-7529490
1303659
7095868
2746847
-7451009
2855489
-2676233
7920204
8652533
-715078
-8806771
-940636
37099
-4978736
5040156
-2864808
4506706
6807379
7183265
8220393
-4924321
-2692289
-1427830
1939052
-551528
-9211836
8840147
7904456
8450309
-4980031
6733034
-234323
-1267196
6654951
-4197296
3379380
8715599
-6598418
-1747237
-7845621
8157720
-8413031
-2094539
463475
-6504143
-3095474
-2150546
-7857464
-9363114
8763012
2264919
1473397
8244401
-4664076
-2910897
-9025869
3781955
989179
-5784722
-3412082
3161100
-5681053
-1972497
-965306
-7633500
-7021763
963543
1376517
9445006
-7070755
-9541378
6729930
2292935
7801101
186189
-8048007
3359483
-7706963
-8909919
9567528
-7639502
9790406
2094163
-4116779
-2860160
-3793254
9291875
4298710
-3544686
-3841395
3115796
9435989
-8851187
1739824
-7049629
-4251277
-9256538
9357668
2966534
2177199
9684134
-6046884
-9792057
356567
-9088935
4435621
641969
-4587170
-3761375
9557510
3746990
9570805
6010667
-9516180
-7455154
-911782
8950596
2881630
-5263607
9326003
-3190116
6479568
8844154
7198780
-20947
-7686725
-8549666
-5254059
2233030
5678452
-5984410
5643856
-5732366
-2948468
3254398
9271007
4713628
3172525
8669029
2495389
3583430
-333011
-1208477
3477449
7209012
-9155988
-7074932
-253412
8023416
6008716
-3154978
5938225
3791712
-5876486
5781825
8968051
6795610
-3134457
-7671209
-1630948
6239227
-726593
-347237
-3978684
-210909
4979419
-3328621
8553034
-2644109
-136815
-7238814
-8722961
4518587
-4026004
3933581
8897820
6287206
-9649704
-5200776
4120675
5163205
9291266
-9084210
-709574
5784698
-390058
-3150633
-3009805
4796982
-9817990
6107040
-4407923
1311333
7389478
3356913
946779
-6047766
3135086
6487943
-6701617
-1782707
-8157723
-5787953
9812611
8026418
5719608
4964348
-4201285
7829052
-9450032
3113151
-451072
940513
-6363816
-241615
7056774
-4684025
-4482019
7150067
6091563
4603078
6661153
3931132
2544518
-2479039
-3803141
-6586031
825076
-3244801
4584028
-1080228
5540744
5621286
-5056588
-4652182
-4457927
9159377
5338591
-3404273
-8450149
4513037
2746704
-8718409
-8953980
-5803026
-4346658
1667058
-5649688
-3371457
-3460638
-9523662
198807
3617740
2999131
-9509405
4673666
-4251761
4448177
-6892465
4727450
7374264
-101783
-4404790
-54609
3732171
-7642090
5244085
-4926604
-5144487
1076605
9363613
-2242740
1145623
-7723408
9397797
-8248968
-4299926
-3422693
7254603
-7211852
6431260
-2993339
-6630668
-795963
-9339334
6313377
-5410770
9600383
2115748
-2250336
7930944
7046103
6363931
2464187
141644
-2239647
-5055675
8340640
4714696
-7520449
2305063
2119930
7074568
-2302256
4468080
-6805610
8325073
-5033226
267847
-5909418
1403159
3287393
-4619824
-3586841
6956736
-2857742
3831094
-3275194
-8855601
8568933
-597442
-5222290
-3066756
1769832
3331102
-1711674
-8819741
847351
9084227
-2108214
1135811
-1772798
4552591
-4520041
-545264
-1691685
3680879
-7780261
-7290658
4096829
-153902
2465721
4428190
3422034
-7314883
6355945
-6784684
2976658
5136876
-1964771
-4694348
-4813679
6809422
-8981579
7754518
-3705790
-1123399
-927884
3854436
9583546
-3657794
-5586049
-9980976
-4313891
-4010689
5395897
-8460966
-6228142
-1886618
-5741054
8844117
525491
-7893654
-1438372
1632199
6782535
8877330
7085491
-8059065
9251526
-9452548
-508764
1272106
-4908476
7154664
7914292
9747363
-2085768
9981225
-2491326
8634785
-6951985
9556136
-4345561
4219307
8333030
9365110
3739476
-2681074
3189881
-2168347
2278438
-1680887
7388516
-3706226
-3333273
-532671
-4804859
4640290
3791140
7136199
439139
-5132580
5182814
3076360
6002848
-4659821
3254054
-9128820
8116807
-6557592
2508119
9117253
-6957576
-580262
9295295
-1817291
7898896
9267777
43640
5646387
9156081
-8216215
8466857
-4070596
-385060
-7397270
5067670
8139868
5079379
3312770
4688925
-1907838
9277794
-9617653
9708115
-2577814
-4913316
-4830917
-7980184
-7181516
5558614
-8598719
2985166
-3376993
2243440
7482201
-8240056
2593787
-4727960
-1730212
5291429
9784778
1330773
7898310
-1027540
7226271
-4332427
-7605960
-6251263
1686151
7940487
6758687
7277340
-310917
-5034604
3896600
-7345483
-5168939
-111378
8202852
-2813344
7346234
3006623
-8097134
1237845
6973270
-8570846
-6683423
-226759
-1787496
9602610
-5684778
-2365043
-7716044
2271408
8438699
-7909849
7087185
935744
-8550666
7657584
9432313
-5184680
5772389
713206
7788857
-8687057
9917120
-870901
-2378306
7716107
-4651793
-3289992
4501850
-9249783
4723958
4563151
-7081740
-8066156
7846023
-362552
-3641032
9973448
5208283
8418668
8684942
-7202326
7233477
-8314384
-6362812
-982774
8302533
9987391
9998652
-9919045
-4044753
9965834
-979739
2521629
-3809547
648232
-1530037
8382334
1343131
-963211
3306404
-4617107
-9467475
-3403697
-6976150
-1348519
-2323959
4621980
899498
-8187647
-1589092
6174069
192654
685616
-2334842
-9901038
612734
6806099
2664108
3956880
-805047
4604905
3887676
9145722
3394627
6018899
-6716785
9205088
2328128
-1840695
5014773
7042647
-5919648
-2036066
-6864888
-5802458
-4098032
-4610272
7220933
9594393
-1254280
-5588740
-953149
4781766
8841274
7071804
-6690162
8098392
-4190601
8956223
-7867470
7987653
7125025
-9558070
5898026
-7177082
-8572271
-959287
8895752
6742859
8523162
7536132
-5007573
-5355927
-4980081
9554623
7845712
3825694
-7931315
-3975405
8015692
-2877927
-3698737
9486386
8655582
840698
4361401
-3307677
419199
-20973
5201007
-8452894
-5840186
-6189027
4412758
-6109792
-9995514
2336954
9035026
-9646726
-762430
2956672
4729881
-911235
-2816349
-2104756
-1294861
4458418
2020604
5073668
4878105
-9102136
-1327101
5974492
2335532
-9496744
-6923066
656876
9457366
-6465831
-565369
4625773
-9353426
210449
4852136
-233823
-1935487
1734281
1111290
9939022
1485866
2099145
-7086732
-4471118
-3777712
-2806859
8952595
3776369
-2596680
9763424
9260157
1564001
2882557
-3524672
9284340
5464613
7881694
8715489
5154640
4644731
1117582
-2539130
381802
2898224
6681342
4903039
3415963
-8832639
9727172
-5767098
3825423
-5187594
-5310132
2130420
-3906047
6644819
2184479
7038899
-1129005
-5616056
8951450
8127956
-8261683
9241961
8063635
132022
-3884235
6113670
4527178
-856920
-3563134
8191546
9204504
-617027
9256367
7025714
3625140
-7808537
-9957138
-8349994
-5472485
-78208
6970166
-5551250
2637827
-7281691
6462411
-9357130
-8037727
-5961075
-6584586
-893939
-2342535
499925
9737761
-8026226
-6711360
9198574
1474150
8993497
1230380
-3441637
-5942646
-6963441
9362318
-239062
-4659017
-2786984
-2914893
-6752863
9270233
8924911
7236179
3080361
-2729537
-2840818
-9888793
-5736523
-6936024
3396358
5766710
-518888
8505838
1773681
6160162
6780084
-8655247
-3691544
4297603
456796
-5309699
-8168575
-1967674
457662
9075164
-8191588
-2399412
-4866417
-4328229
7703790
-8752582
-1763545
-7098888
-3772391
7026184
-6211358
-9377153
-4315548
-8998913
8333178
7332916
-4621573
-1190732
2819100
7215169
-527292
5415693
2782108
716519
1257774
5646873
9433938
-1039846
-1191245
-7787393
5275199
-3448812
5586770
1246765
-2925513
-8969694
8487820
4205761
-3919300
6999876
-2729322
-7816219
6054249
1140859
5903240
-5598619
7966534
-6927537
3957673
3565187
-7899448
1686287
2705495
8250554
7502380
-3615605
-8671484
-1794963
-8889766
-5855172
9858218
-971837
8906911
-4984480
-8359146
-8746924
-5463033
-645999
4343385
-5528532
2842608
8800417
-5846008
-4993222
4615813
9726951
-902822
-70242
2136958
-7704520
-6682044
-1699187
-3128300
-9387531
2132880
9430623
-1182041
-7423056
6914288
3315575
1102003
-8115719
-108870
8197261
3695280
9764310
1101271
2974041
-9322058
-9772594
4984770
131141
874219
9824602
3390597
-2390447
-6355722
-4292527
9642765
6007823
-8185451
-7446741
-890464
8824963
-9434242
-6841739
6302140
8815827
-4007325
-7202622
-3959299
-1559991
-8924182
7434758
5248588
8113807
7217345
1835525
-8382507
2746900
-871970
-5732013
2011724
-9785980
245144
-4652807
4020619
-8848850
-1729104
155372
7872935
303809
-6186110
576271
2402003
3009802
8471559
5361551
-245646
-5139030
-1271928
-9479026
-1574112
1486902
5320432
3218354
-9979563
9268287
-9712475
-7128857
6302494
2595287
-5104425
3646526
-4461885
-224725
-4610983
5521040
-2667237
5342388
-8574459
-2584655
-5038922
9010868
-5138888
-8628745
2344511
9930578
294916
-3664366
-6241875
-8672910
-8495907
-6234900
1606189
8620043
-9596240
-6181396
9170308
6223740
4792612
7773522
-3758946
5167026
-2062159
-1496428
-8808457
-6834130
7865664
-7581438
5867280
-5195755
-4029886
9470746
6409011
3592146
-5170871
-5926384
8137862
7618687
-2600801
-5340367
4260032
4680325
5363052
9293996
-5777861
2422597
-5974927
-5844351
-6864768
2561590
-7248365
1843687
6886511
-1585781
-5657041
-7335597
6620807
-7458512
1601766
-3582259
-3481689
6009333
8459618
7463034
859671
-4174577
-7702895
-1322709
1547601
-6304795
3958320
-4146031
3097751
-190293
-7341442
223189
4863425
254796
7047764
1931652
-9609306
-1716295
3404762
7886402
-425907
678151
5435510
-913607
356673
3000695
420898
4363443
-7438874
-9778060
7119427
6123449
-8947193
883849
-7652360
174958
9976848
9466366
5276666
-985777
-399089
-3559770
630480
-265256
-5860532
742120
1388189
-8494548
4777679
-5315780
5749851
-8341392
-1373360
-2414827
-6950972
2135375
-8602473
-9982195
-3706142
4576844
7838271
9518086
-7326909
3233681
1222654
1113524
2785964
6712855
-594688
4239307
-5422247
-2508269
1790495
-1445685
-9056673
308922
50395
2209885
4209558
-8084858
610457
-1174951
-5133835
-7574362
6392046
-878648
-3586870
6236751
-8587554
2892154
-1400746
-5978494
-9332189
3808849
9993462
-3289109
9880869
-5514327
1247595
-6199499
-666572
-5495982
-8323921
3126646
-2237666
-3152847
6322461
7838531
-4787930
2555528
1662340
-7099543
-7899407
5862664
8042547
6004455
8259641
-3923003
-6886590
6511741
1809106
-3000703
5883834
6413313
1275078
6313501
5941638
2201622
-2964076
-9711469
5572585
5364090
-2643265
4451171
5723682
-607109
-7021342
4936724
456750
4298698
-6781784
-1791458
-8749580
6105871
-594356
-479738
2345990
-5486131
-4943209
-3961859
-9105377
-8951818
241996
-6129084
-8633014
9031638
-3664645
-9745833
-2547535
-8322848
-1069139
2208923
-7242903
1698469
-9838488
823913
3814901
1685435
-9158139
8416872
-117838
-8285762
-4651097
5104666
-8774663
5335064
-5938350
3093506
-2957493
8808418
-8675767
3521895
9055180
206875
-3930802
9392065
2478833
-6843658
-6105452
-7274855
-9710258
-2873335
-1301393
6298824
-8841871
9690797
31511
5375541
6527672
2559970
-4421252
-417270
-1705326
-6330718
-1011300
-8767899
9258363
-5319924
-4449368
5350224
8093926
-7018750
-3099921
-7243624
-922533
3814819
5824112
3151712
-7894630
-6054720
-1752407
9197843
-9625617
-8635475
-5646150
-3187387
1070679
2048455
3224272
-1331726
783164
-7313272
-3941815
2504368
7104753
6335439
5369533
-6231828
8541030
3548593
-1624807
1709950
-7185121
-2405982
4750434
2217449
5534065
8379317
8165178
5191191
-3278341
6765865
3013826
7564758
7717145
7662972
-4087855
733003
-3440538
8709982
-7347191
416416
3240749
-926299
2097859
-9631177
8726976
3558826
8485428
-8637375
-9829966
-941346
2411585
-8612218
-375739
3497043
2456524
8363137
-8681221
1389171
-1046607
-8632676
5153303
8392936
-4548713
-6007381
6311658
6576529
7454101
-5995199
6855140
4667026
5196
8281874
4871904
6848974
-5456654
8295954
-9017058
-7738442
-7496346
-9776190
-4464636
1315091
-4385391
-1107607
-6528432
809789
5350290
-2083267
-1603393
-6725209
8163127
-613211
-6370198
5667934
-4524539
-3155493
1975036
7605630
-9746630
920207
-8656645
1916298
7641144
-2317042
5134834
-3235518
-9915185
9839893
-5166739
1054540
-1928417
9947846
4583379
3595864
4189226
-9411668
-8143745
-5544097
7037005
9520916
-6739935
-3772783
-2260157
1317578
7855903
1615962
-5935810
7860436
368023
-1149981
8566670
-2017260
-5711103
-4467329
2914720
9569446
-1652487
-3183463
5601684
-9587685
5096594
5897661
-8288399
7546884
6549671
3568987
-3056371
-9789173
2644890
-246203
-6541682
5257525
4679992
3559186
3129101
-3338515
-5184737
-8494815
3099163
3042047
-1209027
-9279114
-6680539
6510181
-3765155
-9146780
3135722
-9134322
-303244
-1571782
6425093
4326832
7891953
4357848
-3379858
2737657
-1257115
9669594
-8423562
-2313040
5129633
-1370398
1340759
-2535957
-8866107
-8866373
4611506
-9314503
-1917006
-3937224
3746550
-5152833
-9296176
2489517
2042305
-948601
3475395
-3505285
3221883
3155976
-6123627
4835497
3750343
-8953940
-4426675
7811335
-5689036
485109
1838823
1358637
-2616375
-8626672
3229637
-4137528
5477062
2477410
-3683903
-6810633
6543462
9381503
-5626349
-9342459
6187844
7998193
2622614
8020747
1832356
-9862708
5771017
6160288
3903376
2151462
-7637782
5027048
-8411323
-9135050
-5863593
-2234278
1867317
9739628
6235234
-1871212
-7556147
-9407531
6168763
9128704
615051
7672562
-5361398
5402388
1583134
4290691
-7645076
-8129359
9607701
-2408221
7529323
-6546918
-6618871
-5670847
-7614030
6571548
-4172497
8165477
1542082
-4973527
-6583331
6081446
-5560704
-1504664
-3219946
-3952308
7778109
7586327
-9904224
-5198300
2107803
683252
1975828
6485905
-2840334
8591951
6786814
3288507
489472
-3695678
202049
6434076
-6838010
-187088
-9309073
-3893145
623489
9377809
6051078
-4006749
-5470581
9594029
-6803075
7710660
-5305103
-5286296
4844677
9442161
9012352
-4957064
-8600263
1592845
8230966
-6286904
532361
-9118590
1600354
-8275197
5394436
3094368
-4307947
4844171
-7949931
8856395
3411677
5013078
8509461
-5777053
-7367465
4149369
-7366669
-3588659
-6316984
4503825
-9642595
4092230
9339661
3644232
7907202
9495219
-7921408
-8621650
3604313
1426625
-807610
4433623
7009219
-2984684
507093
7583356
-855510
4460361
2819604
6518006
2366850
-3519162
951309
9744405
-9635125
809556
7017873
230080
5241223
9919701
-6074517
8580182
-8294877
-3996845
-8312707
-4392313
-6628563
-5295240
-2824114
3721668
6734139
6580852
-1144914
-3654274
135603
-5628875
-9856589
-8971818
6464257
5353017
-4690247
6445751
1232429
-5741535
-4396798
6932098
2726302
-4804186
-793552
8004672
-7589596
6779721
8950624
-2933072
7918674
9724540
-1575156
6776187
6874487
-6005473
-2020154
9533344
5927648
-4856855
7877321
7439675
-427724
-6637096
8325901
-3440030
-8527513
3345705
1206376
-4352470
-1300500
1268232
2269744
-6632178
6024714
-7375550
1758846
6802464
-7626359
1557525
-5416707
-707380
6388263
9217685
420468
9010156
6024221
-8080427
9976929
-6180069
-9682717
6872611
-9951893
9264875
8635083
-1871763
-3024553
-2669396
-4302045
-5931475
-864526
-5813990
-7674621
2967546
-9182432
-6038030
7415159
-3136791
-2888720
-9293339
-9030142
-7511030
3508706
3233988
-9554817
-6321049
-2712788
2890843
2996156
-9671319
-4908643
9793071
-9479745
2762464
6233623
2096803
-9560479
6621908
-4500760
6551995
7088889
-5929760
-5242729
-9771415
-9238928
-2022840
-2171136
-9027102
6920571
-5057478
-3177943
2711966
-313489
1096703
-8912687
-6071967
-6813192
-3642588
-405128
4156774
4402415
617464
938862
-1971388
-2477990
5459805
638141
-8503226
4276476
-1101869
8947241
7275654
4273552
5467426
-8429952
7604529
914243
6273665
4013066
2454457
-3109241
-517919
-2403467
-7045515
1378865
7230516
-5008713
1603358
-8235353
-8055640
-2020901
-8322235
-8291354
6410452
2823279
-2539760
-3454082
-3928806
-3830324
5190174
-2284816
4225211
8100611
-6030560
9098118
5945330
-1504648
-581365
2823774
8641152
-1563974
-3618190
-683720
1695992
-4127294
-6222716
2291949
6880765
-291340
9671003
3521380
-2077342
-7643860
-2954843
-3497408
-5655712
-6266914
8306687
-2066809
-2910472
-6876465
6597055
9079962
-1877092
-790639
-3238389
9043978
6359801
9284952
-5052044
4485198
2580588
-5893071
-9906080
3950118
-5970792
-6116846
-369957
-6151211
-8752835
4807027
4904731
-6786204
4137089
-427822
6039944
-6162664
4800778
4889825
-4597033
3878271
-5631620
9953875
5518710
4848525
2736065
6862411
-257960
4295348
-3516545
8040617
-253392
-6627791
6517291
-2382700
-8216425
9868858
-1935564
9682079
-7183243
2735903
9627001
9093028
-3932897
5455063
7515541
8191191
-384881
-9398833
-1549140
4336680
328269
-1183486
-9044949
79576
8585603
8758353
-439944
-3122452
3578245
-2309379
-6421752
3164047
-1297241
-722006
-9650063
5452547
9309684
-4641254
2645627
3877207
-9027972
-2385713
-3532826
-5643887
4497044
5911205
-9503387
-5001038
-8846948
638202
-5412716
-3961243
3843127
-1178862
-9250643
9119946
1597612
7867459
8519585
-8283903
-1242439
6912019
-3961399
6349380
-2466678
6145135
-7550704
9064428
3604746
-8136811
-2893870
6120636
-7254335
-598551
-4724141
9199105
-6158797
5228752
8684619
643927
-1660346
-8838528
8189807
-1372608
-7684527
3279403
-9303060
-8631867
2728010
1730393
-3846305
3288701
-1535476
-647161
-3461640
1818574
-3327421
6210402
-5195178
-2891603
-5784159
2851330
1233488
502234
-3137864
-2701436
-3199805
-1058297
41186
4315931
9141539
650397
-2702707
-6160617
-5773370
-4049824
-3406788
-546953
-4229584
4182410
-6979130
-7538733
-4621301
6638167
7028125
-8064729
1474026
-9783759
-6846267
9328368
9428494
2020375
-6545084
-4973909
-2684726
9402508
2329963
-9538900
-6615063
2295247
-4547226
2022652
247498
3886736
-455775
5863280
-802580
297612
-8235265
23917
-6040009
-3537902
5182275
-2884151
-2290148
4349989
2702596
2420102
-9803952
-5745371
-9790149
-5273611
-1481009
8999389
-7004091
-1151157
8261790
4018258
-1069206
4557475
-3084559
-3118132
1049252
-8256997
-6644247
-6911855
1945537
1029234
472697
1034003
-205056
2023075
-7589431
1080073
1711350
7438725
4638425
-4564670
-4547809
7123268
-2259841
-1603462
-3559567
-6390662
6930067
-5873452
1337145
8144910
7129981
5312426
9952045
757207
-8389653
2653287
6185308
7174582
-7197784
-8241883
7274843
-8880130
-5160712
4776896
5378386
-9947835
9272713
-2134846
2411026
6408933
6646754
-776233
4744218
-7335185
3169847
6920657
-9385520
132267
-6285546
-4763461
-3025563
-5509356
-5169547
-6247732
-112110
-6096486
901686
-2148440
-8699885
-4949875
-1712413
3291538
3009832
-6922688
9173645
-8612832
787913
-1708798
-4852518
-4331742
-5830383
9847187
-7376203
-255933
-5631086
-5967254
-3333136
-2668445
4377513
5997922
2462530
-6790546
-21122
-8485609
9933385
-9525243
-3479157
-6709945
8224792
9402361
5848621
-5855440
-1562536
-6960584
8299495
-7232246
9254781
9201940
-9650346
-1026083
-2959651
1701789
-2762789
-9359035
8564092
-5360519
-4460895
-5314587
4415721
-4252605
74425
7850438
-1964360
6253712
-7062287
3420731
2991989
9719542
-9545635
-5561748
-7505535
-2377717
9691712
-6476879
4357928
-6020799
7392170
5418114
-2607218
8485662
8373386
-7336332
9008952
8098134
-4465949
-444064
1951699
-9880660
-9140916
5488562
3498858
-4076602
-6069540
-4853405
858110
3666877
-1246737
5417152
8042823
628469
-9952765
-9604548
-5377987
-7252225
4834680
-4187400
-5317660
-5758704
2826946
-3996638
3344117
-7003585
4684099
2804441
2263001
9433725
-6556230
-7033354
8373443
-8325125
5047078
1806361
-2317417
-6407773
3968248
-6128228
-6423305
-4163629
-6961797
-1988539
-5467342
-4953533
-2434217
3808337
-7160454
964560
8979924
5294879
-3906776
1113549
-1184709
-2020376
-2871420
1547736
-941931
4353826
6838167
-663265
-2493044
-2583625
4172167
-5219600
-8278661
-3413956
-2303416
4352505
-3644616
2913414
-1712044
-2907517
9421114
-1879924
837168
-7914157
-3545090
3800128
-4846143
6232143
3172482
6204827
-961061
-7965948
-3544508
-2963840
7037777
-3139121
4223786
-2886210
-8637491
4292621
5736897
-2580473
3924559
-33019
7628539
-990554
8537377
-7119872
-4121788
-423090
-6069333
-775007
7909608
-5158431
9791944
-8946374
-6511155
-5096402
-4262076
5604970
7843422
-5831689
1778427
1062892
-2284170
5482743
-9904988
-1572774
-4435780
280097
-4445830
-5341674
3959308
-3009621
-7039257
7790315
-4860659
7813479
-7865579
-3265768
-4047701
-6316973
-758363
-5081981
-172311
1964274
-7729310
3173153
-710863
-2569843
1192152
5249414
334359
-8873222
1035903
-8207739
-8505278
3907914
248233
-4766222
6049241
-5252822
-483714
4956226
-7981694
-2792245
6739697
-5480217
-2561580
6344218
-5131262
-5147577
-6033541
5041266
9700581
144344
1004969
635423
622642
-1128416
-2024744
8914302
-9174262
-734989
-5715450
-766397
6747775
2485760
2942376
-3930904
-4894049
-2040558
4142837
7622308
3082596
-3878484
-5673621
2975589
7172939
2469926
-8600508
-8409639
-2251784
5802806
-7912588
823010
762236
6883152
2230129
8781192
-5729287
9067275
-5449667
26402
7489763
6148348
-3647813
4197543
4347334
-5234737
-950604
-7837563
-354751
1526789
-1092442
-4994355
722606
9755419
2159871
1342648
6784448
5614198
3927446
1120980
-52860
3520038
7850899
3834708
5014859
-9974955
-1034373
-3848156
9309979
-8210738
-9029022
4690918
-8373262
-6108428
-2407416
-2715339
-8711834
-4903816
9389379
1092789
3229847
-3642509
5979483
-9573592
3213995
-2263229
4536952
-1533926
-1385959
4789748
-5793450
5124313
-3302402
220116
2156302
-2141348
-3302821
7262229
-7983973
2202800
6817582
9020353
2224828
-470888
-5332872
-4393367
-8470515
-6949827
8054940
9589880
550450
-7557560
1643438
8921831
-6040043
3862621
-6693658
309444
9481819
-5541172
7513237
4168539
5481469
-5747082
9154667
3507729
-8861450
8311316
-7799612
-1077852
-5320816
-2087870
-9534417
9215876
2205447
792334
3562182
7433561
-2714976
1497040
-7779086
8713586
7791098
-8174339
8421308
-9326535
-115476
2596387
22710
5963829
-2181826
-3444510
-3688683
835243
3961647
-6341360
7329590
2389240
3821740
7057880
7374152
-5777202
-2944287
1798949
-7811509
-5518122
-3097299
-1043903
1371418
8911880
-6919467
8961423
-7857725
-5238108
-1780471
8351750
-6161452
1908382
-2248600
-2628907
-1924608
9871014
-6954094
-6866780
8750695
9143351
2879185
835624
-1157510
-9255238
-7031055
-6449304
-2786145
-9958503
-8616026
-1699477
57074
8877090
7625396
5647853
-4066856
9486972
5929320
886525
58284
-2252330
8454752
-7709403
-5043213
-5934404
4636093
-9010571
-5350206
6799457
6767761
-4597173
3549765
-9115980
2657593
-3818403
4373037
-5634151
-7919508
2651647
-5718152
-552812
-6445839
1055045
-658889
1151349
9743363
2819515
9030165
435205
6768204
-5134658
6883640
48598
-600696
2275164
-9240678
9699446
5681303
4111603
-4968976
9881611
-9697562
4546667
9553045
-2466194
3038689
6698185
9416389
-6314129
-8457830
8196297
6417339
2565103
-2922619
9009659
-8256776
7686537
2279740
-3951652
5224342
1545491
4458883
3336158
3315601
4623871
-5634941
4892070
2163610
6471071
5916931
6785804
-5579800
6534020
-8051592
-8773719
8106777
3730264
-6786619
6703866
-7540425
7021274
-9433916
3967057
-3175264
-6665125
4999071
8742114
-7241907
-342344
-887011
-2242139
8817121
-1071263
-5640063
4133860
-3110634
8650959
-5424379
-7967911
2073040
-9161109
-8196850
8791633
4459462
-3822449
-2423082
-7094160
3250306
-2542227
2432118
-1779358
-7123533
-4209558
-6740663
1142207
4417609
-7669649
-7565318
-4118404
4240758
5362658
9588544
-3775211
-9094909
-2344084
8519786
-7600231
-5615989
-6810502
-6283847
6452532
8793845
-8273408
3770312
6160137
8784560
4996958
-6270962
4017353
8160785
-1793269
-3462725
-8515709
-7565413
-4635011
-6648072
-4286740
-5128099
-983682
3146412
3570674
-8078903
9079437
-3793961
4052923
865471
3110454
-7090666
1136675
6781501
8555563
-3208187
5897629
4606793
8216297
7616141
9886100
-5924611
5495116
-8252836
-7039510
-796676
-5049557
-9083124
1405872
8437337
5204016
3163093
6293387
7553783
1443530
-2802
-4492922
-2094653
-9682280
-4579086
4534222
7994008
7379007
-9205111
-2182953
-2152869
-3390804
-8715900
-9468891
-1153781
-9653582
-4678928
3296703
-8155405
-9516760
9061764
8361467
-519725
-6339803
7457305
-3336201
-4663072
8834923
-860934
-4262486
-8439690
-7244399
2736279
1075938
5425562
6550275
1487618
-8331908
6985404
985913
-9237239
2994229
-8549522
1880362
3250951
2780926
1834427
4761016
3821047
-2986352
8026300
-8375995
3307275
-2393776
1992541
1445013
-9879183
6443494
6688885
5276723
-5011342
1966996
-9888126
-1440468
502540
4544605
-9499032
-8979335
2299579
-2757041
-4502337
-8840901
2355975
4686369
-5818647
-8540813
8355660
-230617
2010178
9987011
-307637
-1284654
3252875
-8275671
-336169
-7436748
-7696230
-1938254
-8873313
8807815
1666464
4072306
9347162
-7346484
-1825595
-1280822
-6442618
9417032
-3776263
-5734874
7511301
6634212
9987260
-4874694
8453641
-761488
6131585
-4378335
-2125456
7355927
4249920
1957498
3724264
-3583335
5354748
1285023
1864110
-8446124
-1231347
-254511
-3850667
-5326149
-3301457
128670
-1407379
-5573324
1694697
-6681288
-7902696
7028926
-213268
-5866187
4016697
-2886223
8647541
-9105404
8790197
6522424
5298972
884454
8908340
2652670
4698965
4112809
419403
-5147049
5500658
-5065284
-9038067
6499177
-6270115
6314479
7669523
-5790272
3546443
-9228969
-369729
-2095910
3032711
6418800
212227
-403379
-6300021
8486563
2932741
-4958423
-7015013
8317363
-8810721
8581459
-7791131
-2825092
-5799176
-8767845
-4984791
-810155
-6207768
-4738020
2626843
4397624
7244130
-9869918
4265696
-1468501
8187338
-4533711
-2850101
-5096752
-6915427
-8868545
-261240
5638523
-7716004
-4049488
-6724001
5687365
-351697
-6857599
-5392160
-5892527
2526860
-2515508
-3266920
-9673195
9265556
-9928913
-6425423
9782814
4056932
5380835
2106446
-3931368
329590
3281167
7004956
-6119122
8023182
-8156081
-5056370
900385
2997664
8644733
-2493889
-5244406
9853075
2572349
8886400
-8479089
-3885352
-9719543
-3309694
9712475
4880276
1939482
3297467
9145940
-6420293
109366
-1493618
-413845
8825525
-6687478
-1391225
649044
-6095585
8198195
8669392
-9068293
-6840591
1545702
934780
5689606
-3435499
4051010
5429053
2694376
-3360654
-5805282
-2429302
-2426562
5154887
8599139
8092031
7902439
3273708
3449905
-2658180
-3817458
3248894
-1130135
-3686504
-1011685
-9254962
-9686566
-3864451
-2215163
-1146477
2102934
1227023
7510102
-4512193
-3807276
4352110
-9918109
2183521
1273328
-6113314
-1229985
-9832124
869747
5422955
-8194564
9060457
2198296
-6602723
-9624494
-7173416
7594173
2812578
4716527
637573
2391776
9667576
-1829096
1416416
-5218444
-7880425
-9744227
3450848
-6714154
951375
-1754700
1169420
-3838195
3421335
8796624
-3076751
8309320
-1522275
-8736863
-3115259
5463496
1737617
-2834434
-50152
-4549651
8521232
105507
-1809528
-6719919
2911133
5615847
2407605
1061410
5243085
-3176638
7205283
-5668807
8647970
5163591
4619936
-3548000
7239332
4065744
1599868
5883449
4533000
646652
2697039
9131212
-9202260
-6307015
-4212810
-9636209
-6104920
6048592
3409468
-1619715
4430743
2038984
-276666
-7173348
4601035
-5645598
-8960169
1648679
9130244
3990801
-6437918
4857237
-4612748
5187181
204251
-2301386
-2199666
3473692
-9703653
-7488138
-5151150
3197089
-4605519
-2902010
-1250004
-7665937
-732722
3888637
3509133
-562429
-9893738
-1642973
2835122
1392891
-3035077
-7242004
-4030090
-6340134
2840049
-4774061
-9996914
7546075
-7002132
5230018
-4306881
-7686585
-8441140
137197
4309098
-4222637
1368471
585383
-9142705
7579448
-5974097
-6334372
6005584
-8119480
4894780
7527105
6685551
8520640
-6854853
943954
-7410098
-8259932
8216230
-297870
6384357
3869217
2454601
8160374
3833882
-5140346
2358805
-5408544
-8629100
-5818381
173926
-684389
5512566
-3965833
-9950450
-527415
8449035
4621347
-4641335
1577806
-4584868
-502801
-1492935
5158857
5018659
-7666151
-6828967
-3342660
-2390725
-3772055
6834740
7446885
5159165
7744609
-3737773
-8624006
7135995
-5744345
-4494563
-8713004
2358665
6846564
5094606
8461310
4124506
5377617
974302
5170309
6339529
-6150446
-6307946
7402162
5790798
-8049154
-5516830
-8586358
4458048
626813
-5313907
-8207340
-8655843
9804090
3907303
-5606331
818278
-1813282
6908509
-8449815
5296318
-473636
4451663
349763
-752548
-7293781
5257700
1527345
-9647738
8373369
-4581757
8261342
2843749
9703115
1839829
787895
6683603
1340500
-6079486
8565176
6072656
4504316
4912060
8925573
-5841029
2703454
-9285428
-3478095
-4379700
-3773077
-1121809
9526829
1957373
-8897540
-1084253
9859256
9045747
487542
-2480898
1524325
-159983
-3156445
8429034
4690331
-595319
2486404
7830677
8120134
1221969
-4498198
-3052931
2373668
3612210
2902238
-7456263
8883840
4297793
-1271770
-2962874
4023679
6264792
8892372
-1264351
-7447694
1322231
-2401604
-9776715
4892929
-9892813
-4195527
9112100
9108731
-2917148
5283246
76434
-9731327
9132177
7442627
-333628
9325003
-926237
-8894845
-6726389
-6885882
-7559596
-7680682
-3534962
3369473
-8361826
1609053
3377915
8088664
7902795
5196252
4393976
-7157735
9303792
73402
-8961103
574039
-6043840
3679850
-2718029
-5746256
2133921
6662401
9779630
5746447
-160073
25283
5499689
8627057
3637809
-119488
-7603559
571072
-6318679
6279421
-6888851
1581586
-2337752
-7651962
860114
-6299403
-4627349
-9856919
-6235169
-6249339
-2042570
-2756824
-3677273
4178838
-8102626
-9601313
-2205041
38593
3934266
8724415
-2644655
6423452
7929117
-6106307
-4753729
2549716
6027614
7631705
-6246477
-1340069
-6278570
-6440281
4510828
-9374147
-223183
-2893463
3668772
835551
20465
-8327504
-3280481
-1999467
-3635
8114448
2097417
8857169
2067142
-2795232
-6571840
1075525
6673880
6304478
-8152296
7137036
-8313095
-8869090
-1085597
-4359868
2826270
-6543428
4475267
-473857
-250137
-157738
-7157591
5913893
-5929232
892545
-5976991
-4749163
5284639
-5791853
-6438774
-9873601
128993
-6448049
-3454007
-4166759
7950886
-8164455
1266074
-1280248
6953345
-2409186
2652338
-4588830
4079876
2636302
4253463
-1653255
-7458694
2501836
-5130316
5798457
9584012
-5580414
2932206
5034095
5233062
9604673
5032098
-43847
3488052
-954556
-5580006
-3646410
-1051860
-1535977
286798
-9850890
3323499
96646
-5016230
6885064
6588938
1799708
2217507
978736
-4459534
6554565
-6384417
777826
2533314
-9532088
-5489590
5051714
9089197
-6348429
2893170
1804541
-8434043
-6068617
-1523946
3015989
3145629
3187077
-8197759
6632490
-4599409
-6162009
9146105
698476
8058307
-4816786
-3157647
-3897432
499216
-1807000
2670209
9897393
-8085659
2759799
-9191072
-9076585
-9613148
-1254899
-5227459
8746756
2662546
-2416147
7454845
-8137524
-5530511
-9852071
-3549675
-1068826
8520789
-9921627
3104874
-7250052
-4228762
-9582973
216709
-5634587
4784424
692157
2155171
4206757
8905676
6738001
-8440851
8578733
-8633463
-4848480
9456235
8869898
9435852
-6708600
-2510427
1288431
-3797499
2834967
-8324230
-1539869
3125720
9312812
6393932
-3741047
-7481247
7121958
-3395482
822568
-4691937
4345209
9395468
-8664163
9621848
9136806
-3756456
-5835904
-3626247
1956510
652635
1186030
-4574952
5444850
-686498
-8137659
9440297
-2548114
9726589
5118539
-7869699
3326124
-1971557
-6357090
5468881
4570416
6134804
7648385
2864851
-93931
8518465
3918158
7982944
823498
-6637900
5834623
-8750152
-4686709
1140744
1804017
-8812834
-6493945
5827484
-3712681
-6670003
-7491452
-1334354
-1421997
-4950049
6493105
-7533046
-7102586
-1695488
9473293
6630995
1164730
-6532216
5115125
9058832
-9430992
515168
1984369
-294978
-5317241
2001551
7079903
-137353
757431
4505803
-6050819
-1903529
8594478
5958267
-9218396
-6323
9759578
-258231
-6203109
3723265
1682665
4758966
5255780
8803572
-3958884
-9356691
-4347406
2850708
3034951
-3069730
-7398643
-3934199
591947
10897
257442
4277704
6519423
-6043319
9248395
-5644297
4081841
4449272
-3451598
-7106440
-1832398
4340023
4466947
-5825568
-3270029
-1794921
2846098
64278
3850625
-4523683
456558
-3624537
207484
-3365935
-5067882
-8503608
5083503
4966186
-8806301
-1679096
-8838522
-2402290
2120825
9682481
-9673454
449769
-4802206
265903
3504166
8802619
-126101
-644454
-2429257
8374909
8782293
-4442784
-4609973
-7914394
1830288
1666251
-7565677
-8669502
1704603
7591310
7075820
-7901214
-9072322
8911703
-8539718
9734207
-4114603
-3397617
-8729003
-2430409
-8943330
5579069
803812
-8198099
-8570953
-9583325
-8715563
6138268
3654669
3084009
2277768
7079290
-5582363
4555100
-6019777
-562366
-3957988
-9803800
7942129
9239562
-3571455
-1439826
5028544
-2817981
1544330
2822520
9858111
-1166353
5562755
-4816527
7306548
9133937
-2584007
6110890
250236
-19978
-5258212
-4678486
7889382
5492665
5834052
8133348
-374895
-4287834
1666585
-357354
-9544568
-2563199
-4195333
-3303058
6079629
-724678
2409897
1301558
3870754
4334661
2094061
-2573908
1718762
8852067
3368264
3470770
-8922265
-5617384
-8879547
6097493
15815
9835392
9364661
-447776
8736527
-941658
-4662614
-5567721
4842795
7079889
-6509802
2851052
5540565
9986859
8816280
5903538
8297873
-8291571
978064
-3254443
293351
699593
-32541
-9793174
949422
6160294
-3796895
-5809149
9002891
-3973237
-7574561
7562357
-103645
5714127
-287552
-2516004
-4704813
606389
-8902864
-3688512
6970394
1043046
424686
9580341
7673266
2724596
8505881
1712344
-9777224
-332032
-2570804
-2235974
1228973
-4722552
-6179102
2388379
-8007192
8850598
2248399
-3079723
-4370856
6937995
-2103670
-3950455
-4598030
-2060796
7395487
-6622092
6133581
7324142
-4986548
-9884160
-3046757
7147814
-7782793
4429223
-6287816
-1920329
7631569
-2520560
-8764818
-5427522
-9870908
5128440
-8351493
4595410
-3208972
7741935
-1664981
1556993
292393
-5219253
-4363818
5085369
-2105523
5468090
4962236
8370353
-5716250
9363330
1819594
2182487
-7124556
8900186
-1846248
-7789161
-7827595
5270008
8268689
9899381
9820464
6365650
-4799537
5725648
8371570
-5780633
-7450697
-800380
-4980245
-4136824
6552068
-9578517
-9923186
1701564
7725908
-7754757
9967915
-1928290
2424401
6072617
-6438199
-3958244
909691
9997466
817236
9007363
3294196
5526324
-4563791
9881543
6615955
-5145709
-180784
4890226
-9280550
-2838658
5295549
-51164
-1216006
-7948185
4653621
5677870
8996718
2307627
7226175
-9444793
-939762
-5489182
8252649
-8689602
-5988949
9110665
-4009966
1904184
-663305
-2764496
-8791523
8761482
4849172
-4821465
3003008
5618278
4900710
-3206982
-6214136
-495850
6057136
1179897
7912114
1457065
-25885
-1851823
6356142
-4016478
724593
3175320
8708775
4618813
9597840
-1443594
-9274146
-8090052
-8984478
9316276
-8446058
-5516929
9120280
6446441
9464357
-5567286
4133054
9545041
8938926
-3616347
-8617677
-5565820
4085130
-4394179
3604994
-2736820
218511
498604
-893829
2143417
30871
8547586
-631825
-6690995
-2108663
5872268
8516712
-5389039
530002
-8456304
4794998
-2374719
798850
-9780002
4443520
-4744598
-6039526
-1527644
7929634
2268772
5763998
6772434
5589387
-2755960
-4668008
7240397
-6739007
4750900
-5526532
1691848
8289252
-2519642
-3757840
-9239902
-6859224
6061053
-2639144
-1199012
-8596782
6619832
8241337
-1289194
-4857868
-5163700
-2773516
502579
7235271
-3188539
3170776
987650
7353938
-4588836
-6788725
-3518800
-8648878
5629044
8856031
2662916
-4533206
-3912491
2405686
-4972673
5823094
-4089282
1266030
1101179
437766
8156491
8430904
7633521
6680425
-5376490
6569572
4802910
-6866561
-7815613
-1083414
8988904
9817437
-9154509
1805933
6612097
1122849
1418676
-8065107
-8577263
9857780
-2154659
-221030
3260502
-906008
5715020
2618769
3815949
2832562
-8797832
-4556957
-2187984
-6444692
1419670
1227063
7545898
-5440851
-1217178
5658870
-9930261
9172561
6658838
8851153
-4707244
-2936892
7012849
-180550
7760657
-9477477
-7621224
7547809
4538544
-6009030
1566295
6324790
8353889
-8329315
-667906
-7919957
-375032
7457458
-297085
-3964932
8208996
-6243380
-7743753
9400366
-9065482
2324066
-9027397
-2393859
1945994
441187
9964975
-1580276
5642624
9265411
-908231
-6982346
-2287462
3408372
905563
8817119
1671350
-3816772
3890287
511407
-3927663
4424267
3959608
-4064649
7563016
-6467686
-6716580
-1361956
640163
321774
-504035
-8583985
-7660876
-1501659
2958842
-6066029
-2471542
6509297
9405065
3863150
6450251
-9281119
-2023178
-9760167
4507904
9579131
-626139
6879605
-2368012
-3211306
3000452
-6440329
3053666
-3861741
1405670
8768320
6217994
6966317
-5265329
-1404659
-2333478
-315561
-5312224
-9655350
6846413
6574807
5911945
-5993435
9487916
-6937483
741615
638403
-7289906
9519584
-9817786
-4793734
8283231
1412944
-9121116
4385218
-4475374
-1852930
9818291
2011481
-5027742
-5359031
8545276
7393240
5971054
-1775975
-697113
-4935758
-5655930
-50547
8689170
-8455120
4762879
-7385384
869973
252759
-6077836
9405132
-3363619
6950792
-1986893
9878977
-6714739
5489882
4098375
-1257272
2500801
5177478
-1753945
5417124
-2325964
-8911246
-3094778
4337339
-7682672
7236673
-3032014
-2192656
2664416
-6406930
-8993900
5340704
-2900132
2722048
9183692
5834118
8817632
4399507
-7256184
1293286
-3667566
-1610400
-3703140
4825961
2274578
3758686
-9779355
-8460292
5085301
8565267
-6965543
6957414
-4903695
-4270746
-5314800
3750798
-4809323
-9597963
-2005432
-7801821
-5665773
528390
-5930478
-2863544
-5425620
-8049942
4196613
-9382718
-4201488
2392256
-5868429
-1657887
-7809636
821063
-6734473
-114314
-3592837
-2113209
4872581
4580907
6847742
5289396
-658131
673013
3977368
3238965
6187700
-5571182
1351320
-205492
-9753487
5852199
-4088870
-7554062
2168782
957697
-7913765
5988567
6920256
-9891711
9380036
-1043544
-7779602
9040141
-508162
-2018253
8525128
484596
8325744
479147
9671457
5091798
-7990542
-1227048
-299712
-7415361
9190595
1053568
6586297
4897841
-5263582
401919
8019080
-9778240
-9173542
-2813699
6089224
-4263827
8717276
3752601
8441856
3481452
2120935
-5573361
7626677
-2769666
5242511
2955099
-8939009
9577605
3891084
-2063006
4238402
-9072220
6349999
-9691228
311637
4648397
-1301027
-4917119
2202614
3305381
-2267900
9647203
9612834
2220586
5049036
-9307380
-4409312
-8638580
-7200051
2053847
7432903
5970238
4268701
-1169622
-3959706
-3733505
6538203
5291464
9588356
6662013
-6211709
-7507573
-7648365
3147522
-3973118
-7945040
-5222623
5949084
9903051
-6275440
5396089
5363569
9082882
4780423
8496904
-8196223
162899
-5895507
-6807135
-5533839
6510177
-6491641
-4999380
3787929
-108349
8944836
-6847835
1016508
2226237
-4660256
-2608100
-4920440
-8318899
4872581
-2911823
-3444910
-5934323
-5396632
-8254013
9445004
7380529
-8516480
-6583811
-5356365
-2350050
-3633792
6549330
-5459874
8577256
7798943
328084
-4694239
-6416077
-7701957
8340904
8642278
-6417216
8209290
-4320549
-2409078
7317315
7775790
8412238
-5786531
-165534
-498672
8776172
-3078404
9066668
-171935
933541
2189368
8653087
4095428
18830
-5885676
-9901678
2292554
2728572
-4804307
7391361
8628606
6902494
-1083493
8516494
-5596150
-6026551
1084008
8793321
-8807191
-5461526
-9651213
4805970
-2208709
7966425
-7951449
-2474167
-38989
-158321
2063404
1682817
7813629
7922833
4081216
-7005464
-5972405
-5148265
-79955
2150301
361659
8510501
-7164466
-907969
6271730
6488374
-4500557
-725316
8722083
-5362173
8056894
708636
-6987473
-3283328
558204
5164013
-3852746
3529730
4349145
9432257
-8235595
6868132
-9891217
-6643483
1408959
106707
6937965
5081238
2249941
7056411
3707538
-4453991
5526714
-7807281
-8485618
-3654256
7464331
-4333562
6054217
-9893731
4513172
8640435
9242494
4644591
2675340
6278394
-4729792
9777417
-7783266
4748064
4123941
-4608230
-498399
7219995
-6981420
2736448
2514221
8769628
3938730
-9489688
3541043
790250
6152281
-5752700
8391549
-8145026
-8238815
6574627
2143682
1284296
-9051678
2608057
-7015417
-8874117
5150139
6645207
-2051174
-5595570
-7176254
-7996081
1572706
631760
-6924548
5376437
-4720625
8012377
-5144507
7028628
9513140
-8798859
-7000702
4868461
5590427
-1773067
7068189
8673294
8679524
-8411099
-7373539
1025245
2224948
8737954
6376842
9502522
-8035577
7902342
-15265
3677381
-8599721
-9297304
-1295067
-3421859
-8921400
924971
-3006652
6089376
7632353
-3441403
1424482
-8990173
7623043
8279432
6004276
-7152911
-2601054
-1954892
6078597
6776163
-6090838
9334775
-5960235
-156258
-4276459
9456825
7985266
8031427
-7409734
-3341524
1236465
7861291
3641221
3882214
-8004237
-4253674
7458032
4156276
6198359
5150019
-1937007
7747541
-1266433
6207503
5114838
2049946
-8529460
-9990303
-4305399
6958681
-9995039
4339984
5642910
4097011
9210770
-9365159
4247959
8582534
9890994
-7645491
8601028
1153524
3326075
8831754
-6206438
-3909012
2304365
4142989
5338139
-7958137
9828411
-334614
1413164
6130136
-5235570
-6051505
-4246367
-2768416
8051088
-6944410
4462740
197164
9798193
-2962154
-3891217
-3822782
-2594266
5755066
3196601
7320060
-1306195
-6507023
-811228
6466277
-7160639
-1910780
-196616
3619736
-3427164
-6389438
2338807
-8995247
9453250
4304513
4124659
-1208837
3356890
-4050033
4674572
-7335466
7613335
9295829
-7104901
-1002419
-3657163
2163515
9418622
-3643785
-415230
3918436
-6191798
2678136
9425284
1554324
-4734681
-4772922
-1234375
-6671074
6456231
-472097
416557
-5660460
6998008
-3553010
-5162500
-1592778
4484040
-1997295
331585
-5662863
1398340
9774441
7842804
6414886
-7241106
-7538903
-6418641
4400455
-2028089
-9625978
51466
4556303
-9584360
-11464
-3281660
1671818
9465876
-2494386
984199
5055055
2436763
-3111761
6740025
8839680
-2961252
7812154
-4853486
3983331
-7003399
-7827126
-3885172
-2398326
9147646
4927595
-4623413
-9507670
-7680142
-2501016
-4308053
-7122147
1012497
-7883830
-3428208
3302372
-1265832
6570815
1809290
8142836
3793777
-3461868
-3374434
-3124332
-843529
514532
3891082
971134
8546519
1050814
-3897596
3594036
-1006440
3882518
1300845
8225579
242559
6025717
-2752386
-3940742
-4919152
-2696373
-5600945
-5163559
7730498
358757
5539846
-972150
7513218
-900621
-6177854
-7449470
-4008765
-374495
-1817474
-9534630
-3103849
-4170569
5929158
1643292
8417559
4867409
9068155
-5031039
-3222283
1970615
-5567453
332464
-2714439
-2010212
8690029
1908712
514177
9643344
1342701
-6167734
3355782
5950989
-9728384
6854648
-9088590
-8066599
4541428
2794971
-1874883
5884048
-6933879
6488605
-3046245
-1407194
5376295
-6286553
-9730831
653727
-5265020
7252782
4287299
-7091420
8823391
394576
251460
7886829
-5362450
-9330536
-8594280
-8560495
7763635
6210776
9561690
-9204821
-2657041
400820
-1720263
-9032080
7796132
-2055043
-3427740
-1200649
-9774854
1319507
-4668378
6193651
-3527215
8953965
1027222
7635866
206679
-4536366
7629551
-9502981
-1807142
2336057
-1430651
9822318
-7751100
-7867495
-8172488
-9064691
5531947
4046394
-7200666
-1770490
-8967440
-6387189
-7972115
-7779516
4956012
-1055233
-2251932
1419709
6344985
7433111
-9039741
7433504
-6529519
6061634
-7042173
8912090
-6324551
3967550
-9705738
-531337
4588471
6232426
-1147764
5536829
1697636
-3595976
9263434
-8543584
8249106
529268
4543151
2365650
29290
629476
6348968
-4272719
2593775
-3951206
-2448157
-3108141
-4148566
-7368305
7617580
2213857
5762834
4234510
8029822
-105103
-4131361
1811
-7430419
9496324
110876
-1187104
2249906
289425
-8038010
9774640
8478815
-6542845
-9341543
143773
-5239596
-6040154
-8749256
348814
2929682
-4914389
7856137
7254712
1441310
5163784
6144959
-9033436
3179093
119929
299052
2109681
-7543916
-1400409
5473067
-4620047
7177736
-3814300
-6703239
-1407726
4025321
-7723614
1232649
-3745513
-5283480
-5947045
4063621
6461707
6559306
2700685
-4555484
7336089
-2853919
8160826
-3584584
-3364716
7806713
7895706
4584010
6364502
9256916
2247861
-9498439
-3122256
-9266454
-9926055
2727095
1355157
-8442114
-3788474
-5206847
-3912872
-229634
6659126
-5930515
-7761082
8921162
2837892
-3026812
6126693
1204331
-9198285
-621631
-5908382
5939290
-4805300
-7874416
8837609
-9977739
5433902
2834310
7278990
4736878
-6835652
1158384
-7571616
8093013
-3153336
8004299
-3305939
-6251245
4234655
8592849
-1081336
-2353734
2885697
9260059
-7525335
-3510381
7238060
-7109631
9874301
-7662444
5541843
1885318
-5213393
5010756
-3139036
-2149994
-4276362
-9688396
385190
3757078
2061166
4522989
-425059
-8594301
-2052649
-8918647
-8157642
-7315920
2549746
7762070
-9921243
-9719015
5623362
-3558437
-4557040
3806340
-9076720
-8291448
-830991
-4530852
-5624431
-5108700
-1757552
1169751
4011962
-4776611
6600173
-9547539
-7545352
8190712
7137350
-9217334
5195356
6391828
-2952736
5063917
9930660
8647745
-4764202
-7770604
-9475405
-1615498
9282782
-4258037
-2729898
1468100
-8653112
-4727257
-3838031
-6496867
-3982676
-9384188
6011246
6609685
-6487557
-1629042
3267769
-8843427
-7881303
3628885
-5313524
2059772
-5332366
-9335255
-3533328
1381562
9237934
3261489
1680493
-9820026
-1861191
381658
-8944078
72609
-9541247
4717603
-9605138
-678780
2060344
3434718
-4771215
9656279
-8486841
771897
-8923580
-3628936
3558066
-2426936
1711878
-295301
-82051
3320037
-4426756
7870077
-4637281
354589
8499696
7473858
-7653761
8304780
8495567
-8214939
-9859166
-3454493
-5075352
-870156
-3311000
395243
-8366726
-6659732
-7555107
8421420
-5034139
-4248707
-3092473
-5217644
7409721
-4938822
-7444996
5946126
5048450
1727521
4468403
-5675437
1711220
5299387
-7227603
-8615299
6390631
8384920
672615
2947692
-9167826
-3765738
-9955332
4238990
-2796572
4525336
7944972
3769797
-677312
-3017751
-4142610
-8422728
7718615
9266288
-7996195
-9127920
-779270
-4382389
-5963815
-7879891
-396705
9498742
-6148428
-5987178
6046517
-6364033
6018255
896148
7036452
7626262
-9539196
1744079
-281888
-4506867
340201
2498088
-4620568
42830
-2695454
7475617
-9349819
6365865
2664422
8496408
7033108
17599
-1298539
-1469836
-8535643
-5114143
8596796
2117138
6345092
-5104415
2834200
-3610136
5628092
6360476
-3399807
-5143391
-9146401
4013571
8262065
360381
195531
-4695185
5670876
-5595738
-1801584
-122622
-962138
-7581952
411697
-7368315
-6320474
-7909671
-7783272
6305427
-6539092
-7057363
3875160
5325318
5123251
-4832045
-9872177
-5489890
-908336
-3066640
4789658
399016
4402435
-5973028
-4751726
-4571388
3426171
2704672
2688522
5348642
-1147597
-8948304
3376954
-7552851
-5982034
2027903
-4837785
1926106
1866964
7275992
3739331
158579
-3910552
-3605226
-7037693
7292401
-3201074
7945
4324953
5394125
-9667082
329674
8221922
-6931821
9935834
-6128855
-6597972
-2123502
-5693159
-7166978
7507042
6916062
5249644
5018873
1309515
-8451634
9202046
2372832
6517615
7389293
6830490
-5816047
-4738119
6198906
796974
3081263
-9340656
4692292
-2527444
7814389
1590684
-6519586
-2493818
-5299681
1114965
-9169711
298416
-7315337
-7635778
-8422779
9744657
-8230514
-7011100
-1469393
-9292152
-2895852
6052098
-9339849
-4754184
-756118
5682461
1161291
8818340
8286706
3572756
-5944486
5926275
-8216023
5538631
8226244
5318453
-6654899
-6516538
-3088720
-3759709
81557
-8024058
-7838337
-5016692
9148440
2929375
-4657333
-2052690
-1595973
-4000881
1156174
271770
1986823
-1555995
-8423814
9483999
5843822
3115780
4406740
7180143
1786173
7185464
2539982
1255502
4551994
-6945254
-6297248
6069374
-962354
2713426
2924180
8513993
-7823507
-7044584
-6506377
3042738
-3385550
3865631
-8714662
5214198
-8995601
4434158
-2489634
9006620
-7681267
8371685
-4353174
1467102
-3062332
-9046360
-5300368
-7310540
-4250837
2487723
-2930008
-7311867
7410309
8455212
2518077
-741347
8037453
-7718521
-3434893
-2334579
-6506047
7881880
-4774740
3478875
-6254487
-7965953
-1157697
3295805
9235841
1144461
-6895192
7881915
8358213
-4206123
-3675589
5595822
3610011
-1202841
2725594
8830744
3153294
1867980
-1052735
9287154
-8118132
327476
-7180119
9141193
-1363268
-2731394
-6625800
4484219
9079895
677268
-6163471
-4176481
-5125762
4679648
-6236597
4419846
3777986
-8890839
7393245
9223017
9610102
-6052993
-7549684
-8942994
-606
-4233866
-2677121
5497329
-8517389
8600536
4446578
-204616
-587075
4370013
8527079
-656516
-3610072
-2702724
390998
-3397985
-9267127
6733843
-1081634
1753739
-5513598
-9412840
-1111176
4550865
8979504
-5098366
9508203
1172706
8006556
-4917599
4045659
-2681829
-6656118
3888927
2564037
8558641
-7024517
9191641
9280753
-1878992
-6942810
-3196922
-4514729
-1013642
-3594209
-9382870
-2369339
-5266061
-3887421
1854496
5643128
8157670
307269
-8843223
4075113
-7640989
-5422500
577441
-1595075
3467354
5389514
9105363
4245578
-3917514
8685894
3612936
-3648469
4397552
-8429606
7362053
1107663
-1868841
2780399
509569
5712330
5839692
-4859866
-1675071
-4585277
5632826
-3231808
7717929
-8032067
-8727622
7362191
6773013
1457315
4054371
-4258768
3235791
-9879704
-1562620
-9920432
-7852350
-700711
-7250939
-2339956
1001599
5633788
-5190834
5408328
-8579862
-2107919
-4807684
-6330312
-6915093
6441008
9464354
1679320
-9932442
-3995974
4800598
594567
-7720558
-3058173
2133410
-559987
-998045
561459
-5461991
8667035
9238599
6489893
6495682
-5237191
6474953
-6691384
-1745395
2131104
4914792
-6354257
-2606203
-4636090
-7114457
3331008
7056301
6186457
-971691
7898219
6481001
8302306
-7699957
5894254
3331662
5926326
-4674382
5937635
9709428
-8392002
-9424233
-6622741
9645255
4410926
-6536914
8456313
4445932
-5190840
3721986
8388018
354303
4113511
8575973
-5118443
-475421
-1711114
-4375956
2677776
-5465107
-5789673
9152982
8562447
5741152
4348588
-6479458
7975904
-4242056
-5134725
-5238281
3826481
5826541
3069612
9591826
4940684
1789453
-8389647
-6816502
-6369254
8882102
-306415
3315720
4855681
1478891
-8145837
-6661797
-7370033
-3882221
9770230
2492972
-9071402
7285058
-2294803
1272472
2506369
-7751269
-7849009
9300561
-3421121
4582454
-8474651
8901165
5079660
-6679478
1967164
8475947
-5629606
-7168731
-2363774
8465373
6234738
5926903
-7929574
-6113039
9840958
-6744442
-9921882
2473679
327975
7662285
4648201
-5990808
-5815306
1808848
9586425
7977835
2889496
-586698
946259
-5494273
-5145082
-3180087
7903202
5313379
-9329638
-1267320
4037530
-5060585
-7324475
8883807
704728
-4535212
-9360223
-9761241
-5892703
-4076801
4574685
-2708927
7033950
2623285
-6591649
6101289
-9899784
6558029
-5704936
-439102
-1394901
5599831
8566994
9418864
-1871565
9115464
-199282
5611112
-3277316
9532170
-7938552
-1430395
-2340393
-5046563
8293475
-9145351
-2887700
-7449703
3935343
2268830
1361147
-9280578
5134878
5052220
-5391653
3411892
-7350850
5274569
3000394
-5370630
-2970430
-9255802
6293268
3600010
1174468
-1853421
8833827
60058
40646
5033627
7023722
4728137
8149358
7195135
-5545650
-5028599
-4568490
4453754
-6044853
-4129974
-9224526
-2213742
8451151
-8995371
9796255
4324991
-5928040
106184
3494281
5071162
650111
-410116
4772054
7154215
-8591381
2114737
3636228
911120
-9383952
-2679369
6196791
-5188929
7781621
-4778043
-2947865
-1935540
8342015
-9953638
9683530
4219829
8598512
4378718
1852140
7967247
8985477
-5342825
-8186081
-3888245
3850716
3942974
508162
-6436317
855147
3112756
6884087
-6408463
-6021276
5727398
-1175770
-9885145
-9257078
3834716
4063555
-8345137
8455925
-3757199
-8835173
-8784840
-6594398
-9980259
1360650
6230300
5243516
3864226
6887434
-5988398
1013971
-2852842
-8140805
-4945041
-616049
-8847717
-6097187
5720464
-4119909
8264636
8288636
-6813068
-6503008
8242952
8296326
8787783
4597657
3353872
-5256099
8789173
-4308769
3983241
3485255
-1372879
3355015
2031175
269445
-6668934
-3061990
9622001
-8321823
-6845121
6625699
4125895
-9316415
7371588
-3852206
2759116
9562035
9779990
-6089557
2388009
4166698
-4620306
4497326
-3064547
7886132
4565187
3001369
6064134
5430098
3579533
5228367
1435222
-4595341
8883032
1112483
-1017364
-9255590
1574232
7231634
4670630
-2015219
572994
-8388275
3901889
5226240
1494524
-6834073
-9450387
4450204
-7707705
704484
-6743777
-977450
-5024816
2871718
4870344
-9333696
-1117581
-5944028
9857877
8490955
-3248079
6436499
-9447352
-3768003
319110
-1764284
4537604
-4993525
-3003634
850971
-9346696
8858565
5203632
1666103
-8589520
7771823
-6154681
-8817051
-1847520
-6510882
-5195372
1999676
-8732929
3618444
7765453
-3195187
-1192696
7302723
441255
-4576625
1893922
9089676
-6198728
9862372
8179209
5113238
-3951408
-1996112
1646019
4640360
3829848
1291169
-4646468
-2228744
2415092
289061
9159983
5366857
-2761324
-8937636
-1656890
348113
-4204484
1980703
4167293
480043
1540265
9470891
2551968
9882738
7201299
-6275226
-7140505
9365338
-4847848
-2840211
-9725290
-5907709
4275963
-6739847
7130240
-1740018
3400016
1319579
-3081127
-5825680
-2310606
8790477
3901319
-4078429
2616145
-3139203
1352128
2861515
1711460
2075579
-2362406
-4495742
9777159
-2658281
-8491711
-7735358
-4569059
-9843720
9854321
-4729693
-4245065
-9830539
7898615
2533837
-1521570
-5170781
8107048
7309362
-9183027
-8692186
6445571
3431458
1296471
978902
-7920732
7972578
-1876097
-4152866
6110012
-9039335
2095226
-3926136
1340984
5001971
-235214
-1624228
6888065
-3156523
1187693
-1724034
-3349622
-4006770
-8723962
-556394
6404870
7858999
-4377856
-862473
3533659
-305007
-4645687
9742203
9855882
7796412
9344395
-4876137
-7270173
-4640916
-2407466
3682770
-1582320
-4243071
8895379
6119736
3011511
-8381593
1004145
94721
4277616
-8507913
824959
-7910322
-3059794
434174
-5168764
-7320585
5917328
-1255489
3077637
-3257917
-9926207
-5665118
-5226755
5527548
-7040626
-7129509
1522746
-4776655
373237
975224
1441672
9979432
3407458
1853740
-3325547
2349022
5923385
1967748
2528825
227629
-4065269
-9101733
-8139602
1578517
4549650
7411957
1134726
-9329155
-4821111
5314407
1515945
4403381
45
-8503355
5314111
7811397
-7184648
-6965276
-4339588
-2486134
4440612
-3854579
7764505
-3632025
7689943
-6593486
-4411444
8257921
-6135193
-6469044
-7420423
1364527
7385189
-3957240
226860
3185582
-8793535
7134111
8094891
-9846278
9038684
3547037
9544438
-5092276
591431
-5215330
-3708644
-7080188
-2767106
626190
6012351
913620
9674463
-4401904
3633418
-5790544
8076120
-3078843
7590676
-9549357
-8579325
8191404
-1570551
-631351
7936187
-3248967
4479628
2397814
-2430472
8366822
-9807330
5597705
9575575
-1598673
-7503700
-6639835
-6656139
8358120
-2232297
6345465
-8982334
1617540
8006171
9635959
-2881959
-6178160
1347634
6975876
-2260638
-3707951
-4085998
3886664
1038074
-1832262
82952
9904555
4953019
-1106700
7488891
-5645638
-5661082
-6916612
5607249
9383450
3539166
2886064
-2114823
382048
9514581
3038788
-8480429
9772378
-2842962
7855215
4016114
3059197
-1375190
7527006
-6029729
342982
-9747505
-804109
1013917
2501540
-7724514
9290101
-5913655
7939398
-5363339
-7887517
6097179
-9262483
1375452
970537
-1663096
3954629
5777084
2303486
-5480865
753420
-7437784
-5247439
1890834
-4564163
5003773
-2815019
-3618841
578526
3823726
9326056
-2909024
-2339795
-5193388
-4738899
-322837
-8026284
8554368
8959179
-6879407
-6005177
6462385
7754484
8644715
8636933
-8397447
9002410
2515529
2035956
1751726
-1983300
-3532659
-1398801
9329792
-9977046
9207917
1544634
-5887998
-3520445
-3229518
3853329
3976986
6282285
-5016340
3133525
-5717172
8920628
-3181324
2932948
-3734824
-7950545
-5180878
1540555
-8967229
-2039320
-6982555
178033
3764392
9835783
8628514
8430736
-4875771
8318645
-988742
5314189
8710142
-578892
-2514241
-3285689
-5595809
-1420498
2440494
-254798
-6961019
2512529
-6757668
1795879
-4921638
7210097
2486224
18259
-2831185
-7884962
4980232
-7948767
-346163
4387254
6867590
-8354457
-8662197
3301706
-5399570
-1107385
-4064834
9425886
-2954303
-7147498
-7085984
7227065
-3663230
7277825
2950671
3095403
-7002946
9657065
-3247026
2460322
-3986667
8557375
9307149
6353092
7956402
1451750
7065740
4822007
9669193
2316469
-4463349
6476585
-606377
-6044771
3349129
7501476
-8300891
-7580322
-9181568
6794401
5944132
-144746
-5438189
-1186711
-4704085
-6123552
757876
4023568
-8373452
-5927699
-7367183
-8984658
2616025
2340205
2920369
5288051
6164127
-5108514
-2426145
8737645
-2824734
2121987
-7741257
9149030
8597539
-4278944
-9826775
-7098054
-5384547
-6603031
9009933
8884607
2455010
5819397
-4171699
439546
8841821
-7179630
4536202
9036711
5080490
-7940738
-7475748
130179
-1983283
3126731
3961945
6382073
-4711005
-2874590
2873791
-5776093
-7961019
-3307691
9077518
2433129
-9147379
-8753185
2440065
-1392022
1576531
-7443776
-4791859
-5899068
1471451
427808
-9059965
4165283
115332
-8031248
354205
4321145
6268632
4037782
4132795
689149
4974433
-1618867
-5915721
448548
3085997
8306682
9906069
3175898
-9395942
6016678
8677149
2359254
-7048929
5357963
-220428
3182184
2426819
-8556160
-9314713
-984888
5673878
4193282
1830199
3675303
-1987150
-7506781
-6247624
-2886
-9528349
-123483
7326027
-60978
-8129634
-4408400
-9058097
6343327
4996919
5645489
2532946
-4288420
-3867516
2382697
-2248408
8572896
-7699687
-2275430
137045
-4898181
5223167
7754199
-9130071
3927242
2779651
8845624
9356039
6373535
-4002338
1152751
-5842341
-4913225
1783810
-9235037
5106266
-3904618
-1906068
8619289
1313051
-8098562
7040143
-8355894
9748413
8787133
711689
-5785520
6177655
-4119682
536121
-8973337
-8927680
-2714087
-9465867
-5641032
6330955
-1458731
-9984129
-5090415
-6050818
7263657
5510817
6828297
-2794713
1261236
-9094819
-9695462
-8616390
2670449
9621050
7186650
202687
2925104
-351167
6075525
-3279453
6979812
-6397814
5627838
-2396154
-3522785
4870691
7238053
5992621
1641543
-770461
-3154509
9615799
4494977
5102006
-7279599
-1977269
196306
-3784998
3529752
-6561589
-3920804
8911700
-3568264
224076
8949402
-7398833
-3581672
1983154
-3390408
7972797
5787604
4262847
-9400963
-8106902
-5033023
-4751760
1460316
8295986
4362612
2639191
6128093
2813809
-6889217
-1033778
9070709
6354905
-6622760
-9798143
6836436
5086546
2837844
5556609
-8014571
-8343399
-1061665
-6731586
-6944303
4459095
-9414643
-8887918
-878620
-9400991
6905514
-7378053
3934158
173629
-6980536
9607482
-3511649
-3247863
-9998376
-6205796
-3297161
8574064
6647200
-6940322
8585423
-3004960
-4612713
-555698
-4127942
-8125335
5168760
-2603723
-5338732
-4203017
-5017020
7333933
-4601491
9567456
-2607154
9576733
3234620
1187543
7014332
8906714
-850153
-6824471
-2289279
4951214
3056559
-9707036
-7034782
-9163889
5453969
480989
7510373
-3076482
-3985839
-743072
7909504
4272150
7465351
-2320425
-2543514
6012423
-3698010
-9550827
-7498073
-8197354
-6011593
-9342214
61741
5569127
3760597
-2128371
-4783408
6514069
5781428
-3369752
2346275
7387054
8290660
-5753019
-2678021
951159
-3747890
-7958816
-8434693
6233144
-8859226
5075378
-3968628
-5965066
-8134700
-1420991
4633461
3338240
8733797
3351800
3629103
6439968
-4227688
2323326
-672569
-9441034
2328684
6540568
-7083957
-4731733
7590368
6223478
9449584
8718135
-993493
3177008
8823708
-131674
3361273
-8003879
97658
-642635
3609403
5814032
9965633
-6596585
-2894819
3008308
6303388
-440033
2850170
-2397878
7191044
-4265686
1761193
-9930136
-8154026
5021395
-6388529
-9680412
3255515
853142
-281266
7735863
-9060966
-1017006
-942723
-7404273
7814575
6212124
8615414
8347993
-5297762
941332
6903663
-3356375
7760423
-4485501
-8694732
-6581260
912619
120628
8468155
2166111
7447547
7897049
-8158824
-5720817
31815
-6902172
4245419
-7180911
2171098
2909731
1691156
-7007413
2061770
1977367
-5316489
1267172
-2283919
104619
-3226993
-4241296
4354433
492026
1770124
8836053
9510485
-627818
-5901616
2318320
-3543040
2571970
-5474874
-2482244
6273625
-4559389
511462
-7300829
8685846
-9638275
2606729
-1560928
-5817208
-5857478
5878611
2738481
-5218360
9445724
583911
8608687
-7085089
6628154
-2631895
-6341756
-3253086
-5417797
5995242
7076653
-7712940
-269332
-7023124
7782850
-7222888
4933423
7048866
8142483
366365
-2562705
7240185
-5081339
4219881
-1095669
4269532
-947839
6285695
-1060322
-8104898
-1836278
-5477439
-1934503
7843036
771741
-5363923
8985888
599816
8521241
-9590804
7020597
-36401
-251025
-8902050
-1632321
-7554324
2966731
2205311
-4542853
3812314
8423134
8369848
-6182523
4051528
8776763
-6746407
9822787
-8064064
4806561
4767685
-7911059
889465
7773424
8753057
-8557971
3320849
-7098709
8815308
-5703362
254561
-3493443
-506904
8266813
-6779189
-5843690
3321420
-7367352
-5440271
1475106
8610152
-6681654
-327947
-1570101
3623748
5855396
-4945745
9516729
-8923538
-9802542
-7582286
-8456372
505976
-8478947
-901130
5878351
5403669
9100347
4438322
877277
-205672
-9236761
-9431925
-698156
7681713
7302237
-112480
2294613
1097189
-9146291
6631820
2433043
8195540
5064842
4279575
5737172
-1413398
-6761609
6650438
139925
-5414447
-1083192
-3093206
-526723
-7692345
-3040442
1871356
-5320498
-4238279
-8307513
7581745
-6643498
7251223
623044
9441027
5085564
2664519
-2430160
5536779
6245368
-6087154
-2504365
-8568900
6899587
-3713578
8939233
5639844
-4147409
-7281011
-4781779
-5440440
4863845
-9781613
-3497077
5687573
-3631871
-2239109
8101880
8819454
-1920959
-1139799
-1418158
-9536723
-339091
406752
-5771559
6552210
1331712
560921
-3319980
-5524439
-4648793
2767147
-1633159
5788134
2773110
577932
5968842
8869424
2358727
-3883572
-717563
-503101
-6603355
9928783
-8125330
2056342
1837198
-3261115
4989633
9689471
-2557155
3973303
5094541
1929529
8012595
-681992
7209230
-8480600
6198807
6222621
-1430728
6567852
-7860778
-3829172
4954545
9582872
-1212841
5204946
9272936
9049619
-3701183
4224335
6097084
7159501
1213748
-5135378
2400219
-4590564
-8667020
-4339131
4957819
5766216
9398332
7529690
-2468644
2318410
3654227
1163381
-9947053
9603058
9425391
-8070937
-9102790
-2406468
5056164
-8180358
3634309
-15009
9032691
6089751
-7681935
-1795132
-9441014
-2918402
-9710943
8292806
-3931990
5907940
9133543
-1234935
-6711487
460691
9370793
4164175
1428453
-3130399
-1031420
-8888498
8036028
6779545
-587393
-7960172
8521228
-2400098
-6829436
2043290
-5499790
2345043
-8101474
3377228
3763847
-3727576
-8574867
600215
-5960707
-8058833
1998464
-6802589
-9086036
-4179350
-9882514
7395104
319494
8446594
-7626935
-7033582
-5934158
-4195810
-6456161
2029488
438806
-1535531
-8496951
5694268
-8646550
-6322114
1890510
-2841029
-2714501
7890084
-470657
-914614
-440424
1665314
6173102
-6697141
9055010
396188
-2494946
5312799
-8296030
4608612
-8367858
-5444631
-784681
7035705
5490511
6426440
6296099
2247764
-8860168
-9266947
-7584394
1696846
-1337197
-2363829
9246356
-1687733
7082114
-545990
-7735073
-9670866
-2949068
2580602
-2521479
-9685101
-7394820
100263
-5947945
-600486
-454536
8017280
-8792972
-6798628
2650821
-8805567
-5501777
-812487
-4275754
4545072
5528279
-3131762
-9957895
1869484
6667211
-9266871
5635532
-237012
-3463635
1667474
-5779920
1401801
-3348307
8236427
-5897818
-2670342
-1605651
-8757499
4119690
-2514100
-2636868
-1513780
4269577
-6988876
1476581
-917790
6773085
-5247517
6867144
-164528
-6091556
2047300
-6886023
71932
5138044
5503701
-7085643
7959269
7055340
7264720
-2610867
-5169537
-6114751
1191930
4011428
414157
1074338
-1245223
471952
5780639
-5938512
7681365
8839497
-2407351
8247531
-4554325
-9106159
2827394
5094446
-8000973
21448
4371653
2400978
-7354861
5126651
-3369429
-8333469
6114068
5551809
8231256
-2318532
1221473
8043636
-9418174
5624535
-4530519
3163621
-9369500
-8405796
3726294
-2982014
-3092518
-7999023
9519801
118248
5289229
7267143
-7708237
5289574
3740656
8412114
-1413744
-4133823
-9052698
-4703572
-5866424
1285291
-3592692
2400089
-4965368
-7427144
-5602992
-3381375
6182317
7969811
-7281524
7981120
4981660
-8614648
-79313
-4967433
5606245
-4287345
-1733462
683502
9095037
9307070
-147988
-5208046
-9069218
3665350
-4600529
-870541
8838019
2618608
1936552
-9371954
-3285093
719363
5775060
6574881
-8769605
7674804
3059181
-1767600
3518891
7655941
-1445576
2758980
9348420
-6201073
-9525855
4757017
-6238686
5648181
-3203974
-8092048
-1056914
189209
-5398775
-8860166
-2773557
-9272066
-835563
3329910
2237651
-3634773
9348307
-1830327
-7859527
1181274
9586564
-2489941
3417847
-5477931
-9961166
-4998934
-3115007
6778156
-3023939
3170643
764118
7010789
-5728918
-3951922
-4436229
9181320
3411648
7169606
2852550
9840840
-8480977
-2885748
6917436
-1360126
4109838
-1630414
-2759277
-8768577
8397595
3863739
3006498
-2727933
-7841993
-8880493
-4877948
-981184
8087281
-3934074
4999717
2071739
-8691202
-7098102
-3277416
5185663
1409488
9421868
-8255718
51366
-2449852
-5627456
5638318
-7626251
-5223738
8765536
-9208708
4396999
-1816588
3369324
-6712108
6665807
-7345429
7362260
9308181
8618526
-3501944
-7581967
-1600517
329940
-5121314
8105990
-7004097
-9048177
-5048428
-1938383
4550012
-8947041
-7772333
-6870567
-9575797
-252281
-5176706
-2867420
912402
7332179
-5736587
-4533433
-1384779
-5251360
6918644
-2330374
1885577
-1632129
-7241069
-6070665
2237277
1043090
-8205050
-5920350
-4668901
-6167585
-7941760
8182396
3006679
3451174
2374453
-7884215
6483257
6037383
-455161
3748817
8125733
8558427
-4564237
3889872
-1383476
2014837
-3794150
9896116
-4727180
-1037974
-897204
955705
7687593
-130257
5441688
9639105
7956619
-9843385
7177547
4667626
-808289
-5372267
-3314440
3035379
-6382029
-6495801
684421
-6118836
9234788
517015
-6710942
4073660
4780408
-4926511
7144267
-4370837
5443362
2050572
-4091497
4898596
-4423239
7550104
-6726423
4525045
2803022
-1656889
-4757523
-9932720
1831228
-5558445
-2663170
-2222320
8376249
-9237639
-4254093
-3901997
7973473
-184021
2284986
-244568
-5970435
-1350746
-8590638
4886879
-3732254
-652719
3901932
3422794
3410219
9240210
4900375
8716114
4743017
-2683094
-236775
1919557
-3649970
4246328
-1957230
-492097
3341336
-9453311
7217321
6083453
7877472
-6952790
-2507176
1631727
1550728
-6494111
4525314
2178899
6751152
-2803945
-8438592
-3708223
9354900
-8981824
149694
3811593
-5511915
-9639177
-117606
7125615
5075702
1144143
3608245
-1435168
-3893427
-851557
4229833
-8380388
-7025347
-6363674
2878423
-5414067
6292467
3790691
123686
8357095
171047
-7782282
-9688590
-590825
2827108
7443543
-9201244
-2247701
6243785
418996
-5834070
3870211
-8808877
-3267360
-1815265
-9171566
2637744
5526507
5696959
-9304540
-9497237
-8290717
-1578171
-1002779
5433436
1013107
-47148
-6454433
-6620234
8886886
8041638
-9190673
3436049
-4699682
1204957
-3262188
-8259606
9147852
7745822
3027668
-3628809
-5431878
1277754
-4276831
8528279
-7769325
5690822
9868069
5987859
466462
-9301387
-7303681
-2857524
1370270
-6730000
-1970469
-3200538
-8709302
2335849
-4948075
-1949517
-2649321
-6198575
-4042637
-9631793
-5805718
6369271
2947058
1164129
4551620
3652478
-8937298
-9914845
5694807
6634336
-1535868
-2659812
-8834277
1678825
-6817555
-6025164
7192814
7432118
-1886307
-8261151
-7338287
-9370097
3548615
-9282111
-6282602
-1195170
6735560
-3998669
3799122
2242567
-9525281
6493228
-5107717
-7725796
182990
-5051320
-6628686
6972465
-9327263
-6525518
-7027897
4811204
-7922962
6220002
-922690
-7408344
-5509634
1129471
9928589
-5129542
-1866707
-8411518
8234569
-8957357
960151
-92126
5028034
8472602
712061
5010974
1588563
1952932
-4564501
-5920751
-3531772
626077
3359030
8247104
-8013443
-6377306
6456101
2528666
6341445
-8107754
3276668
-9539912
-3804753
-4456375
-8074363
1805357
-6843924
-7493438
3810553
-547909
4722324
7076664
5655142
-9505517
3579001
7445288
2701859
-2520074
-121321
8751602
1689716
629958
-8336413
1807457
2198976
-2641868
-8195903
5703186
-8224409
3312175
41453
7672842
329467
4743360
-6443794
1738905
7376495
-4597408
-1877050
-9250771
8586595
-7380917
2110729
7142841
-4428705
3815875
3895551
-2460402
6192422
3203465
-5109005
-3562542
-4230933
4224726
-7173776
2654427
-7886288
9522241
8270966
487945
-2530214
6870570
-1043907
-9691527
5271518
-9824098
-3197111
-5224312
-9367410
556523
1325526
1902977
2954679
-3601273
9897893
7159759
-4283357
8947679
-5872341
1346365
-5245803
44141
-920431
-9362634
-764331
-9446124
-3237823
-3021776
1061280
4845123
9025758
808532
8219877
-6512251
6413616
-7736328
-9518555
-1856024
3860384
-989705
6174479
-6996163
9025222
384490
-3188084
-5748833
-8735508
7453450
5478005
6548650
-6377085
-4277561
-4135062
-867701
-8498810
1856294
8280122
-2232391
9991823
-4921696
-1237542
9170770
-5284040
-8742371
-8718376
4353843
-8000711
8798620
-5422064
-1037290
5525949
-3427645
4742846
-9575133
2403916
-8564733
7072590
-5007098
2748246
-2528312
6180737
2156696
-3787881
2955297
1251136
1062627
-497444
7344102
8667660
430791
4823075
6544503
8691464
6256680
8721637
-8985311
-3330752
-2894533
-9304547
8122754
3186276
-1816991
609016
9266445
-9310691
-6266441
-8535372
4973803
2175775
-5350413
3459039
-818911
-2376911
-4088651
6297258
-5043101
4116216
2835331
1525901
2592632
7251207
-6244296
-146823
-9315456
-9652102
-9329765
-7206049
9840913
5651665
-6576465
-6903265
6077822
3948531
3093996
1257214
-3803090
2673821
-1844216
7551311
-7571937
-3065290
-1532510
3493081
-4086164
6888473
3818696
8046442
-2631886
5185655
-6342441
-4662329
-6105795
-6471416
-5386292
-466531
4107716
22665
-191051
4348315
642165
-5297242
8438746
-6935983
-1342017
6055855
-2077925
-2693886
4924212
8035808
5859600
1710751
6566228
-9148442
-4392540
-6024301
-9104851
1386118
2000661
952172
-9385948
-3117752
-4097064
-9360970
4024913
8764845
-5332701
-8767794
4861231
-9750370
4720731
5921842
5614884
-7414703
-8609809
-719483
6341274
6088551
-7250325
-7349854
-7801366
4191950
-4208041
-7628314
4817689
-3775688
-2045317
2622394
-1974534
-3770543
-8633593
-7471846
3822601
-3597943
5105505
-3849160
3698682
-6871765
-4414034
-3862521
-7924093
-4731493
-7523541
9485325
8930751
2289699
-6930361
-1745026
-2830546
702227
2576781
-2649758
4444509
-7709603
-534312
-4698897
9163414
5093220
-4152617
2643852
4906590
-5931128
4158199
4800653
4275693
-1793933
-801819
-9101508
-1639672
-5214356
3609736
-9608598
-8187407
-6017816
7651656
1796900
8531684
361856
-4445787
-2182243
-910512
-8895879
-7998689
7519314
959230
-2151051
-1546772
4241659
-2227768
3688278
-2387307
5415155
-4999112
-4489173
-6297711
775944
2281276
-4719151
966974
2316182
1315173
8037127
-893685
4498232
-2431803
-5083269
-5751236
2084978
-6653284
4238769
-5843175
2482158
-533529
992421
9816636
-5700950
7027501
2490493
-7048453
9860648
2449875
9086593
9502189
4480238
4632136
1837577
6183932
3303556
-5996126
8089248
1407716
-2033229
-608979
-4721373
7683961
1957351
-2253143
560463
-3551772
-9500732
8414895
4211877
-8520203
-9203583
4254053
-9629333
5410656
2326257
-4297880
-6613847
7649229
-6875295
2954554
-6412930
5796653
-1408483
-4298106
740831
-9760021
-1227530
1987961
8704861
-9416250
4123701
5458533
-5573747
8351254
6483542
-4354606
9501141
842745
929149
3663902
-3355538
-5749700
1293915
4681056
-4673432
-4621808
2809524
3605358
-9221166
-2602902
4206883
-7857722
-8923866
5278447
-5017267
8575281
-5943367
7637588
2776715
-3081365
-926958
-3573461
8963593
-7061122
2620523
1650156
6350438
2184644
7904133
5907639
1323933
4001606
-6631847
9095257
-6326162
-5931380
3495557
7849467
1622246
6392205
9546863
-3130442
8824101
-2351046
-4466503
-89305
3122532
895191
-8821805
4374719
5426088
5851900
-7072112
-7781751
-4889506
6514030
2436742
-2012929
-4707292
7403842
292731
4556932
-3060794
8532175
4471180
-272089
4097071
6278118
-3028948
-2648243
5763403
8086788
-1404039
-5601387
-2081279
1680997
-8760550
-8165618
6701338
-4517357
3416765
2226007
3332306
-9215938
-6986754
-4360290
-4901967
8802433
6611721
6820646
4394446
-8758855
4864968
1065867
-5233507
7559176
-5558980
-3265636
7022731
7860863
-7738219
4978216
-703882
-1548600
5218513
2067712
276018
1176227
2916428
-3303024
9115433
9240746
-5920757
4591169
3454799
1400451
6385731
4759777
-1438305
-8476228
6856473
5942270
5463964
-97290
6983505
-5517051
9817561
-320849
-1668160
429852
-9367994
-3799512
1985070
7679976
-5219824
1614182
-169494
1947192
-6396122
6625533
7095728
-5039923
7416818
-6450701
-2092514
8472990
-837449
-6912104
-314857
1680763
9024150
-3548590
-5125835
-753424
-621751
7197692
3043719
-2775528
-7221162
317729
-7514731
3815874
3792530
-6560117
2645944
2295806
-9288301
-6496748
-5352028
-2725069
3280693
3987345
2220313
-8846291
-1108716
-9781191
-1641054
-9491781
-9570380
-4924840
6775146
8543127
-8969957
-6939876
6041713
-8263161
-6568817
6329771
9886284
-2594559
7450820
-4176081
-2492595
-9932722
7211157
-3704824
-9298149
-2493083
-3306354
-4257493
7347890
1082791
-33377
-3314797
1700338
3611179
8155825
945577
7289589
9895325
-4709442
-2805959
-8135649
3135686
-3059566
3434106
-8433347
1295658
3322477
4625388