-5169547
-6247732
-112110
-6096486
901686
-2148440
-8699885
-4949875
-1712413
3291538
3009832
-6922688
9173645
-8612832
787913
-1708798
-4852518
-4331742
-5830383
9847187
-7376203
-255933
-5631086
-5967254
-3333136
-2668445
4377513
5997922
2462530
-6790546
-21122
-8485609
9933385
-9525243
-3479157
-6709945
8224792
9402361
5848621
-5855440
-1562536
-6960584
8299495
-7232246
9254781
9201940
-9650346
-1026083
-2959651
1701789
-2762789
-9359035
8564092
-5360519
-4460895
-5314587
4415721
-4252605
74425
7850438
-1964360
6253712
-7062287
3420731
2991989
9719542
-9545635
-5561748
-7505535
-2377717
9691712
-6476879
4357928
-6020799
7392170
5418114
-2607218
8485662
8373386
-7336332
9008952
8098134
-4465949
-444064
1951699
-9880660
-9140916
5488562
3498858
-4076602
-6069540
-4853405
858110
3666877
-1246737
5417152
8042823
628469
-9952765
-9604548
-5377987
-7252225
4834680
-4187400
-5317660
-5758704
2826946
-3996638
3344117
-7003585
4684099
2804441
2263001
9433725
-6556230
-7033354
8373443
-8325125
5047078
1806361
-2317417
-6407773
3968248
-6128228
-6423305
-4163629
-6961797
-1988539
-5467342
-4953533
-2434217
3808337
-7160454
964560
8979924
5294879
-3906776
1113549
-1184709
-2020376
-2871420
1547736
-941931
4353826
6838167
-663265
-2493044
-2583625
4172167
-5219600
-8278661
-3413956
-2303416
4352505
-3644616
2913414
-1712044
-2907517
9421114
-1879924
837168
-7914157
-3545090
3800128
-4846143
6232143
3172482
6204827
-961061
-7965948
-3544508
-2963840
7037777
-3139121
4223786
-2886210
-8637491
4292621
5736897
-2580473
3924559
-33019
7628539
-990554
8537377
-7119872
-4121788
-423090
-6069333
-775007
7909608
-5158431
9791944
-8946374
-6511155
-5096402
-4262076
5604970
7843422
-5831689
1778427
1062892
-2284170
5482743
-9904988
-1572774
-4435780
280097
-4445830
-5341674
3959308
-3009621
-7039257
7790315
-4860659
7813479
-7865579
-3265768
-4047701
-6316973
-758363
-5081981
-172311
1964274
-7729310
3173153
-710863
-2569843
1192152
5249414
334359
-8873222
1035903
-8207739
-8505278
3907914
248233
-4766222
6049241
-5252822
-483714
4956226
-7981694
-2792245
6739697
-5480217
-2561580
6344218
-5131262
-5147577
-6033541
5041266
9700581
144344
1004969
635423
622642
-1128416
-2024744
8914302
-9174262
-734989
-5715450
-766397
6747775
2485760
2942376
-3930904
-4894049
-2040558
4142837
7622308
3082596
-3878484
-5673621
2975589
7172939
2469926
-8600508
-8409639
-2251784
5802806
-7912588
823010
762236
6883152
2230129
8781192
-5729287
9067275
-5449667
26402
7489763
6148348
-3647813
4197543
4347334
-5234737
-950604
-7837563
-354751
1526789
-1092442
-4994355
722606
9755419
2159871
1342648
6784448
5614198
3927446
1120980
-52860
3520038
7850899
3834708
5014859
-9974955
-1034373
-3848156
9309979
-8210738
-9029022
4690918
-8373262
-6108428
-2407416
-2715339
-8711834
-4903816
9389379
1092789
3229847
-3642509
5979483
-9573592
3213995
-2263229
4536952
-1533926
-1385959
4789748
-5793450
5124313
-3302402
220116
2156302
-2141348
-3302821
7262229
-7983973
2202800
6817582
9020353
2224828
-470888
-5332872
-4393367
-8470515
-6949827
8054940
9589880
550450
-7557560
1643438
8921831
-6040043
3862621
-6693658
309444
9481819
-5541172
7513237
4168539
5481469
-5747082
9154667
3507729
-8861450
8311316
-7799612
-1077852
-5320816
-2087870
-9534417
9215876
2205447
792334
3562182
7433561
-2714976
1497040
-7779086
8713586
7791098
-8174339
8421308
-9326535
-115476
2596387
22710
5963829
-2181826
-3444510
-3688683
835243
3961647
-6341360
7329590
2389240
3821740
7057880
7374152
-5777202
-2944287
1798949
-7811509
-5518122
-3097299
-1043903
1371418
8911880
-6919467
8961423
-7857725
-5238108
-1780471
8351750
-6161452
1908382
-2248600
-2628907
-1924608
9871014
-6954094
-6866780
8750695
9143351
2879185
835624
-1157510
-9255238
-7031055
-6449304
-2786145
-9958503
-8616026
-1699477
57074
8877090
7625396
5647853
-4066856
9486972
5929320
886525
58284
-2252330
8454752
-7709403
-5043213
-5934404
4636093
-9010571
-5350206
6799457
6767761
-4597173
3549765
-9115980
2657593
-3818403
4373037
-5634151
-7919508
2651647
-5718152
-552812
-6445839
1055045
-658889
1151349
9743363
2819515
9030165
435205
6768204
-5134658
6883640
48598
-600696
2275164
-9240678
9699446
5681303
4111603
-4968976
9881611
-9697562
4546667
9553045
-2466194
3038689
6698185
9416389
-6314129
-8457830
8196297
6417339
2565103
-2922619
9009659
-8256776
7686537
2279740
-3951652
5224342
1545491
4458883
3336158
3315601
4623871
-5634941
4892070
2163610
6471071
5916931
6785804
-5579800
6534020
-8051592
-8773719
8106777
3730264
-6786619
6703866
-7540425
7021274
-9433916
3967057
-3175264
-6665125
4999071
8742114
-7241907
-342344
-887011
-2242139
8817121
-1071263
-5640063
4133860
-3110634
8650959
-5424379
-7967911
2073040
-9161109
-8196850
8791633
4459462
-3822449
-2423082
-7094160
3250306
-2542227
2432118
-1779358
-7123533
-4209558
-6740663
1142207
4417609
-7669649
-7565318
-4118404
4240758
5362658
9588544
-3775211
-9094909
-2344084
8519786
-7600231
-5615989
-6810502
-6283847
6452532
8793845
-8273408
3770312
6160137
8784560
4996958
-6270962
4017353
8160785
-1793269
-3462725
-8515709
-7565413
-4635011
-6648072
-4286740
-5128099
-983682
3146412
3570674
-8078903
9079437
-3793961
4052923
865471
3110454
-7090666
1136675
6781501
8555563
-3208187
5897629
4606793
8216297
7616141
9886100
-5924611
5495116
-8252836
-7039510
-796676
-5049557
-9083124
1405872
8437337
5204016
3163093
6293387
7553783
1443530
-2802
-4492922
-2094653
-9682280
-4579086
4534222
7994008
7379007
-9205111
-2182953
-2152869
-3390804
-8715900
-9468891
-1153781
-9653582
-4678928
3296703
-8155405
-9516760
9061764
8361467
-519725
-6339803
7457305
-3336201
-4663072
8834923
-860934
-4262486
-8439690
-7244399
2736279
1075938
5425562
6550275
1487618
-8331908
6985404
985913
-9237239
2994229
-8549522
1880362
3250951
2780926
1834427
4761016
3821047
-2986352
8026300
-8375995
3307275
-2393776
1992541
1445013
-9879183
6443494
6688885
5276723
-5011342
1966996
-9888126
-1440468
502540
4544605
-9499032
-8979335
2299579
-2757041
-4502337
-8840901
2355975
4686369
-5818647
-8540813
8355660
-230617
2010178
9987011
-307637
-1284654
3252875
-8275671
-336169
-7436748
-7696230
-1938254
-8873313
8807815
1666464
4072306
9347162
-7346484
-1825595
-1280822
-6442618
9417032
-3776263
-5734874
7511301
6634212
9987260
-4874694
8453641
-761488
6131585
-4378335
-2125456
7355927
4249920
1957498
3724264
-3583335
5354748
1285023
1864110
-8446124
-1231347
-254511
-3850667
-5326149
-3301457
128670
-1407379
-5573324
1694697
-6681288
-7902696
7028926
-213268
-5866187
4016697
-2886223
8647541
-9105404
8790197
6522424
5298972
884454
8908340
2652670
4698965
4112809
419403
-5147049
5500658
-5065284
-9038067
6499177
-6270115
6314479
7669523
-5790272
3546443
-9228969
-369729
-2095910
3032711
6418800
212227
-403379
-6300021
8486563
2932741
-4958423
-7015013
8317363
-8810721
8581459
-7791131
-2825092
-5799176
-8767845
-4984791
-810155
-6207768
-4738020
2626843
4397624
7244130
-9869918
4265696
-1468501
8187338
-4533711
-2850101
-5096752
-6915427
-8868545
-261240
5638523
-7716004
-4049488
-6724001
5687365
-351697
-6857599
-5392160
-5892527
2526860
-2515508
-3266920
-9673195
9265556
-9928913
-6425423
9782814
4056932
5380835
2106446
-3931368
329590
3281167
7004956
-6119122
8023182
-8156081
-5056370
900385
2997664
8644733
-2493889
-5244406
9853075
2572349
8886400
-8479089
-3885352
-9719543
-3309694
9712475
4880276
1939482
3297467
9145940
-6420293
109366
-1493618
-413845
8825525
-6687478
-1391225
649044
-6095585
8198195
8669392
-9068293
-6840591
1545702
934780
5689606
-3435499
4051010
5429053
2694376
-3360654
-5805282
-2429302
-2426562
5154887
8599139
8092031
7902439
3273708
3449905
-2658180
-3817458
3248894
-1130135
-3686504
-1011685
-9254962
-9686566
-3864451
-2215163
-1146477
2102934
1227023
7510102
-4512193
-3807276
4352110
-9918109
2183521
1273328
-6113314
-1229985
-9832124
869747
5422955
-8194564
9060457
2198296
-6602723
-9624494
-7173416
7594173
2812578
4716527
637573
2391776
9667576
-1829096
1416416
-5218444
-7880425
-9744227
3450848
-6714154
951375
-1754700
1169420
-3838195
3421335
8796624
-3076751
8309320
-1522275
-8736863
-3115259
5463496
1737617
-2834434
-50152
-4549651
8521232
105507
-1809528
-6719919
2911133
5615847
2407605
1061410
5243085
-3176638
7205283
-5668807
8647970
5163591
4619936
-3548000
7239332
4065744
1599868
5883449
4533000
646652
2697039
9131212
-9202260
-6307015
-4212810
-9636209
-6104920
6048592
3409468
-1619715
4430743
2038984
-276666
-7173348