-8642638
6951615
7064324
6101912
5467624
9645985
380157
7962927
-4545954
-8219161
393084
2217010
-2289472
4570943
9541356
-3456308
4910521
-2502433
5302125
5775147
-2502354
-3891172
2711008
-901636
-7218594
-2641501
4738034
8677199
-7321817
8212296
-6622939
7948875
-3329659
-9252951
-2875781
-1525679
761642
-9938855
7518427
3810829
-3529464
-767860
4588097
-477318
-7025802
-9150212
-9085522
-4847153
107204
2151056
1068280
-8825284
580139
-8751567
1751696
-3968496
6929944
-2802535
855856
1346517
1066053
-9435606
998077
5750888
-4872803
-2378232
6549419
-9271004
6721054
8208935
-9369812
1550716
-7878772
4526502
-7618268
7870744
-8112888
-9936588
-2913364
-9447670
7157050
-6857105
2768258
-8248969
-6124964
4256692
-1776620
2607014
-4938663
8860130
-8736415
7744623
-3954785
1684097
8215226
-740064
-865091
7259704
-3312223
-2739860
-7030211
-8824639
-3402108
7958212
4749805
8974597
9593133
-5914582
6112722
721474
4939818
-9384278
5029910
-3345914
-4709750
5185703
-9763241
-463429
2424112
4460203
-5922784
-6777694
-2705423
4332396
-7794340
1030153
-3819739
8155324
4925774
-4509241
-7374601
5150606
7721888
2587923
-2658065
2135997
2049722
4591436
7237630
2017005
6010588
9740524
-7766970
-1426274
-627489
2710720
1789749
5306772
-7836578
-8176879
4985960
7752807
-5581955
1627108
-7607296
5512661
3300337
7842057
1891661
-7741826
-8608122
7151862
4400109
-8164535
-3059068
2828331
4653421
-6670029
1717802
-5468828
-7933815
-5434088
-8165516
-5655206
-5644248
7986053
-4697575
7118526
5394810
-1057976
-7437098
-5168231
-1266567
5119410
-4775740
7961889
4227165
-2167741
574455
-745303
326570
-949833
603556
539274
-601345
-478861
902326
742260
-711124
108600
89705
-618975
-615933
730198
-193553
780987
77058
-25031
639337
101050
-737638
182703
498443
-201471
957557
-617434
313842
86950
158977
626300
-253048
-309434
372673
-559191
489441
-523965
91835
-291505
-464562
120613
-142893
538069
-571656
115124
-537900
-305384
-461099
744264
769196
518064
42508
350544
388720
945728
230415
-971895
-793262
-52021
816744
542734
-459906
418581
923417
158926
722272
-856983
-338763
434320
517672
162305
-389505
995794
664775
189610
-859701
901700
-80303
-891664
111585
207858
-184613
-509603
-405644
545670
425890
-780462
-940060
-203713
-89868
-621101
-656004
-899811
-953786
-615324
-392659
488751
797344
-410801
-619421
-278672
167924
-539765
-371721
930739
866778
-606167
175536
-173913
499145
935021
455782
-359385
-167540
548214
368399
-858287
-894336
742059
-201029
-186658
976673
-58759
125647
-545132
549314
339723
-812476
728031
367233
2897
249010
798536
-431923
672152
918279
-208576
307051
-316178
-248231
-469289
-223766
-480569
-663793
-733985
270561
-355279
-993756
-565995
-384234
-900699
820755
427742
-17129
682218
-469815
739873
951946
534930
-460061
979328
85130
-284769
242034
-264392
-145049
-433695
926504
-882418
902449
-718270
-904040
-612023
10391
829227
281409
510513
467945
-521748
-646449
738486
-242220
578375
-612151
-442696
896132
-825638
81321
652413
-963671
91839
593131
891433
192681
-457702
832200
758585
-581832
151665
442390
830455
591940
-258346
42059
-697479
982010
-489816
-311165
821393
-385929
-811825
-73963
-325554
367882
-312711
519974
310046
-341750
80909
-908719
389741
262829
415328
-338012
-70597
-113381
442027
85756
523022
-419617
-920923
-69716
889666
-445042
-602713
683905
915986
397400
-891683
608428
-114013
260739
-563181
-945846
-425125
-542856
373320
484936
-73924
425509
765688
-65718
562328
201740
304815
-887558
620589
-218517
934141
923298
-739657
-609427
-385583
221462
574371
256981
-477425
-346439
-244493
-147184
-926354
-452790
-575773
718728
871307
823993
-400044
596901
-43480
-763344
-415482
-100408
-43232
203853
507712
-938708
830704
179676
115065
-528272
-194173
-47635
-966510
-102083
-414822
967542
186807
761035
415042
-596426
874552
-329877
-341121
840019
-329143
379982
140604
-519629
62138
-431759
-193594
-577104
-193408
-586713
463791
843207
255236
387645
282434
360888
54275
119577
-35026
954829
535094
-205332
965073
438983
573142
120842
-203329
-328021
208687
378355
445340
634462
448908
-89589
-883663
-743609
708245
836074
-547147
701230
368469
-314865
-495603
-966049
-381507
-813870
-471808
154300
-614624
-941957
-762164
-148253
-694115
-579132
-662638
353860
-708108
456514
435662
947233
-593668
906218
-579999
668429
222274
-735606
6464
-553654
951203
769267
172637
526443
-763035
730499
-400623
-559661
271002
-185357
598044
-750603
916130
593515
-357228
28821
195351
-941927
254374
-664044
-434088
-366552
-577730
-588983
471971
-881579
923531
354453
-860886
628184
-822296
-906956
-16658
-868171
-733951
338998
288741
-660982
-831511
-421427
732649
-569301
848718
416763
231402
282847
-537711
680434
-756685
276335
507937
-211478
919988
-213215
950234
-268157
-674076
-173330
53526
-989611
385867
37267
727031
-771511
-686793
162267
-559907
-93444
-869498
-943727
293611
-558116
-653425
-898111
628605
201574
-568878
-717246
948878
-572541
-992865
-918005
641448
-417033
-564706
-42994
-25347
-597639
133187
551512
-944171
-271813
157080
-809057
631870
577401
767814
-866294
397043
-550979
-366684
388997
601795
-253836
177881
-974392
-119784
119114
236607
-784441
971026
-787782
-745681
37525
417741
-734688
-574526
-290050
-66578
-365069
694364
231215
724736
-659953
-910617
-350269
861579
-872635
295075
-143813
183262
-568269
-625902
473120
619487
94961
823966
-220660
774484
-431889
258911
209745
940353
-10190
275565
-879270
-722134
618438
-824214
-24538
857574
-226806
-379234
301845
428723
212101
567591
470001
-628270
347143
-794194
641971
-28239
190126
-567794
290322
265904
952067
606419
-968667
462782
217704
101364
989369
765046
-789739
-56391
-922308
288416
-403575
-584231
-922332
-895351
-50260
922739
149655
224821
-109670
-664531
-111147
-523054
996564
-516812
-973927
805240
686150
-824994
-699653
929296
606999
897954
-778745
-449493
-354765
-828365
243168
-733680
-780825
216276
-960408
508267
22879
223436
728243
839453
-136173
303536
-369352
-181604
-527632
-429063
607220
-200709
668007
760565
461908
127806
425677
401724
150108
-800557
466536
-111415
163914
-319793
900682
496124
148922
-53793
-369890
574968
111305
-702734
210909
253484
241910
432579
-834542
9544
762494
237284
917555
260354
979605
-335792
91166
-97553
411813
-261412
289998
-525222
874993
264888
504717
839453
-299687
551921
-576673
980549
961836
382075
205256
-769234
758784
-811784
11629
193977
-789421
832747
-18775
615674
-387573
629414
908018
162340
784191
-380576
954874
-836141
729683
-800817
564783
550521
-426000
-73981
717977
356291
-777251
659173
-544713
-787774
454211
885789
714166
583781
-952557
549450
45124
606989
402528
371993
2490
876094
622008
324303
-987043
-802644
456646
320634
-392419
-227145
566319
52181
-69618
226550
-41448
460471
502636
-422817
-959423
-741902
933866
-240653
111268
536367
-179337
741339
-954831
-840328
945993
307974
-898592
-244123
-421204
913065
419963
911442
-280323
-106021
928479
-447146
-604502
631304
-265820
-748717
-205276
570075
338993
-167813
-675346
857651
634971
864732
-521422
782725
227327
-456878
328327
451249
160720
-902638
-339137
-874538
616202
823794
294574
-683387
486084
-808623
-977742
-317060
307934
-803421
-423615
896636
-591361
-778142
-513945
-305222
55655
893784
567940
-577958
-770169
20424
-508585
-922375
21333
576024
548172
-217452
-427349
216523
323005
60540
-866450
-372541
339565
-876037
649599
654724
760688
95714
-187512
-220850
497517
736363
-270330
975595
4482
134681
-753126
-557246
-343754
-517838
-159591
-124608
799345
-735435
757821
672155
512418
781769
523782
656684
-727147
-800492
246957
-233608
-117564
129287
31451
-881627
793707
877030
600783
749593
570636
453548
-640982
879385
633520
-696250
369845
-993007
-26248
613101
639223
331093
178414
-124778
162171
72098
327885
-965274
-577890
362045
277091
198652
-746163
826343
39660
945269
-454261
-56575
-778713
-689897
-950277
-245296
-873458
837693
206490
994467
428628
884131
-103358
335620
597511
12757
-80121
72712
-554765
770909
-626369
-15674
-14630
-481604
-650737
-726625
-180257
118298
765651
-71716
-277731
861
-497376
816513
184757
570597
73963
997596
-311194
668931
-574946
104564
349438
822223
892616
457925
-255987
739393
-394271
801718
-68579
454124
-719384
955337
-469543
-604970
-652801
533029
-323587
-492006
-754867
636752
-929327
-926868
492483
580102
-164526
451319
690715
-453181
-31950
-315759
722773
957547
679871
753443
-703328
-227866
-218345
-545566
296456
-115101
-154535
131405
-409089
-398097
-750587
353170
648827
133396
259709
935467
-530081
904181
-400545
-183028
470660
509903
-200800
-666138
-736649
752768
944660
427626
77926
883471
144299
-319384
-590035
-758523
795968
710270
483901
-636268
-167495
-128776
-167462
-725438
638912
-227119
-693082
686020
852719
-416274
-955951
-215433
-764053
16201
-1615
-917019
75333
-606204
-245552
738702
857570
841496
478677
-142360
-102129
458520
352425
-67895
-57146
897736
-471563
-338823
-436208
-577080
416965
979000
-353567
-753314
332077
-735808
-629762
15732
-232117
-449730
-352981
180824
637696
-920593
-110254
978710
-849604
345309
-244617
914924
240623
885981
-58490
-711814
-130771
-593430
954856
-929634
-646692
109281
-814506
-476580
-812504
844169
-335980
-233700
-91734
776774
665327
348040
-570721
-957153
573103
-48148
-770831
59595
203083
590443
-968035
-980454
-500513
229451
-816576
-90005
-155667
324292
-452577
-814073
-790090
-494133
359699
-592122
-34891
148722
814044
-292692
115552
-679475
411017
-571337
-260892
-997383
766184
561559
754616
603142
230290
-832852
770562
-509395
172674
-890485
563071
-407654
-180599
-530530
189506
-902575
-526338
48330
-549908
-729408
-259057
-590297
763129
-419360
213260
187476
505702
-132927
918810
-771819
-399159
555813
390019
160320
155766
-639446
-80363
-882359
813935
528138
-839821
684708
467249
-898063
-797861
-800886
-232789
-424616
-645796
204554
-632882
619547
743599
-69928
-939054
404190
-897134
-192644
-742445
-45718
198264
-979256
-678177
-465085
-474562
-769284
838158
-838753
-142294
508892
470561
-735467
874720
-609644
-829369
-930478
-628611
448369
-611943
928593
731408
-174684
-954276
441187
659018
-275398
-957537
312467
-496855
-703101
587511
-980128
23640
-963492
278296
44330
-62521
-498847
-416492
-368215
-691759
281189
894053
-910593
-767021
-856045
906271
-237743
340022
280584
779111
-858943
5642
915260
845133
-560001
-768735
113405
185175
-247430
423037
-177100
-403434
-507498
-335685
-541384
-620182
-255075
525188
936120
-158445
-770238
910965
437917
-963136
122383
-174085
-886622
-341100
494204
994937
92717
-189768
490510
73824
-146157
439835
430440
-529746
-925228
861769
254774
-129948
909466
108610
-448474
102572
-688329
-613911
-412933
33534
70795
-585787
-330202
367216
-251238
970136
-671536
-806420
854190
195583
-707299
754384
-661548
-606054
197339
543384
652647
-63404
949842
-216904
769276
-687307
808569
20715
-68514
943239
749714
-752099
-962871
13722
-870367
380321
746247
-170951
657232
-19830
741787
88140
-310908
-216480
-421154
-992153
677388
181814
992728
-62971
681561
496786
536696
-982826
-501406
-700078
-348773
-982729
345518
-206408
920628
-505770
264554
-959137
778491
111592
-612327
-289922
296728
-711692
-641903
537478
-744022
354813
675831
684699
562151
-158405
481593
656296
341389
-68772
-903877
-559131
238325
482889
270260
-822696
-50794
81736
845379
-511682
-499635
246675
247968
964982
917488
251230
-541494
32113
880788
-897829
-778599
169999
-222956
492450
929060
160597
-719075
-786456
674201
691472
-740140
-989908
-827020
-168100
763751
-823000
241697
650231
-65695
546969
-595595
-351661
-717195
888987
-836543
-307908
839428
-912104
-69075
-159535
462965
-915590
-554101
-791997
-565258
846683
-905416
-997367
596361
-709638
895212
23272
320813
928538
-747357
981713
-462226
697218
84469
347206
-552978
-179127
379281
120511
-634801
-599771
-241459
260167
459213
-450186
502226
-662537
279830
513558
-366478
764488
-35512
874525
-799749
489414
-666297
909804
-595639
-657822
846667
520856
-212155
392163
509082
774714
-207030
-47022
963268
-938135
623453
680965
-243573
-200475
-727828
81216
449172
368830
206809
-974397
279149
-340880
599637
999980
585820
-49083
-105438
-539235
584182
-127243
-16168
137784
-104469
712741
-754072
750182
183684
532328
-461690
201724
-240722
-50863
-70919
469651
-268027
195654
675007
952871
-736921
-504823
454083
985865
203011
-289591
35031
-505824
40458
-613522
-30521
-277250
688758
-226042
865675
543822
-730051
313551
283837
-291936
281833
681550
-58609
-958830
193104
710060
110042
-457804
-137899
810249
320465
601988
161804
-174410
423006
154378
430261
478974
-175426
814689
569805
918596
241241
918144
966471
2810
443266
124176
734124
-698564
-310253
788854
-732941
-92260
-578520
-700805
-600672
-723084
498474
-116961
-23321
601813
-978909
-149438
112705
955054
-640664
-377728
127664
-326171
-977896
577307
698994
402293
960021
213749
381575
-257860
-802085
808746
-632552
-175734
666735
767884
-961818
-166223
-139260
918907
356364
863542
-947901
-580334
647304
-477116
-949787
100083
-694781
-220716
-745594
142363
688583
366561
941545
22889
743666
-993710
-471684
29174
35824
-342586
594668
733244
-302008
-206848
-707734
-474812
-528776
70774
-307576
-172168
-51181
-91822
-673704
-517997
847547
-429404
251106
202262
455572
-554667
965261
-102331
-392091
487983
213546
-266939
16516
933739
-456971
-944595
-824398
418824
-547998
-282559
-435232
758869
-580782
443715
-682582
-384435
-616239
428416
82898
-836158
-926243
617329
281212
-648927
722205
-895400
526282
131347
828776
652446
-50687
-982225
34514
-565498
115819
698534
12199
-621202
151904
817217
462190
-435343
671909
-265935
409959
-978830
229392
-106847
12591
878974
-532579
-863539
-599765
-327676
-940051
-740003
-931254
-35813
913255
221489
184411
406538
502942
-838008
-194380
-778993
750513
169479
-96249
-785592
-33264
-249963
54487
-182721
-302001
470079
782040
613724
-956136
-979607
907108
-805619
-712542
-50871
111748
458470
143362
294884
888978
-726170
-368180
-435467
659843
-572669
327076
478024
808305
-649078
-245551
-719111
450053
334667
38694
48552
490477
-319459
202701
548276
547448
253316
-677797
21839
365602
-288085
619022
131461
614958
-498357
-675163
-599999
-157064
934864
-890781
785646
-389029
813612
-727211
-510584
963412
-943971
-490874
-267824
-764542
645216
460966
-902926
625368
-395135
-559565
-137657
71245
565221
619377
629253
109466
-349869
-945018
190516
-352707
212239
601209
440097
-854901
863083
-732727
-716245
-959540
970512
-622222
-702747
578558
156145
663446
528176
422952
938065
-501906
-302917
-650313
-495226
281648
-817365
-629275
-982097
-363516
93024
708832
-685582
642919
-96109
980755
887338
-299623
-502972
740098
479631
-52848
601373
-434889
-141303
369672
-667926
252272
-950358
-691724
-682708
286657
-294645
-431259
369249
-809276
-751239
261320
-763691
-251595
759323
381326
841252
-830290
357824
338079
573239
-705286
-231326
-378593
196781
817630
-858080
209866
-672049
-302895
235746
414841
-152158
-632083
-416344
-377597
263470
137667
361192
-97676
913341
-277218
948889
654024
494966
-250639
578325
-552804
-674436
208342
155518
625141
-410080
-321348
-811220
703324
-902777
-614404
634842
671446
133837
-308337
358869
-886637
-688055
-645238
-722153
552688
-45360
409733
-680899
-917852
-830123
-962352
-179417
-136248
-622465
636968
570294
-97181
-407304
-871845
-145615
-401285
210735
-65016
-246081
-889013
-926545
-229772
-957547
-328401
27140
922304
545940
-713062
-884655
981227
71019
702702
648224
-525545
-920522
196147
508341
-498455
-375897
57846
-777671
417403
417554
-434866
692723
512554
841213
-319755
993025
-123447
-417256
897
12907
-523679
548349
-150654
48638
76132
779343
840042
-411285
715235
966477
526642
-578943
157032
-744714
422038
-374575
586926
269136
36605
833815
802287
769168
894891
986945
-429850
785532
635164
487108
273470
49775
-296939
921061
334223
-864624
-242065
706351
846815
-668473
427831
-291261
-3998
-12369
386509
712124
-273579
-137199
234703
837031
108089
762453
723364
-837100
-518180
-841817
481790
972592
-410857
692559
-671631
36589
-282388
261997
493975
-383505
686197
-41666
121128
-409125
-250798
192331
366983
160317
474032
134530
-591177
567871
29886
408417
-878791
15891
-5360
783054
-282440
617942
138783
-371173
-464019
310517
667546
-5376
343276
-403665
55252
-261304
905252
544982
901643
753382
-910229
-919146
318274
-457502
198507
257561
680217
-485827
981754
293940
-86913
954067
-416770
-712379
131064
-888987
-194092
-897910
938199
-935386
-899332
-227583
77058
288319
-33679
9595
496096
574388
377980
512398
-59001
-727689
-404863
-666968
695612
-228018
-226074
-198352
597177
-833232
-105109
614605
-635298
122547
-846434
108968
-809436
-797899
-490467
944180
-189137
804371
870287
228520
-899571
249610
538092
-23809
-594120
455761
-885447
-665776
46198
138441
902111
-894185
565718
143079
271146
219208
788175
913687
-445101
-689894
815203
-460511
53669
-233159
298020
958071
-420209
-776045
-45
237833
514240
-535114
-161731
-33492
-648834
123634
362051
-936477
730464
-952869
697843
-826448
316111
963951
186759
-509493
602212
-674227
-523592
-354964
-459423
-657624
-435366
350464
475827
950887
268846
84665
-221381
-581659
-237898
-743003
-37904
-303797
400453
-116415
-85595
-331064
557913
268145
182066
-575727
256062
696474
71464
-205478
729881
620754
-882523
926413
400373
236033
-957520
-20722
420949
-390691
-737080
-227953
-569593
461343
-343466
-702455
-63386
-219814
229796
-904561
458568
-769563
65867
80838
357499
-615924
810250
156883
982655
684299
-445027
700791
-882362
838823
226889
-408389
503330
-418103
336436
504309
137418
-134656
-703839
15851
-595551
796081
575795
99830
-646546
-993228
200058
667906
762428
189844
-79685
715622
-636481
121832
352729
-690398
-265767
493952
832813
641219
849238
817481
817446
-441156
-312475
-158044
-951884
307377
-6020
38346
-77879
175954
693097
-685978
-449266
961140
-213988
-761940
54200
519418
-565188
557778
455359
890806
-403920
-388628
-462959
-862451
237624
-307016
-726370
616008
-125305
-696275
-28936
706388
-395720
-975052
-569562
-330673
-152569
233764
-294153
426623
-592246
737447
-794187
46938
-899891
-859794
-84148
-96464
-26196
-716686
-919054
703214
263375
-769130
85622
-910286
37812
553975
-196290
486699
-248852
247789
-966545
747140
-235004
86800
-782312
-272919
974862
736242
-837450
-74844
-644540
826959
416333
-652874
467306
-905532
-365217
589715
-403472
-281254
381507
-80118
905241
557306
-718824
292830
-843376
444484
-321354
297307
-868997
95971
-144647
45766
-549835
579847
606896
642402
842394
-936007
-916147
482884
26216
552531
31303
-65127
-321649
-242296
807738
733216
-509656
-178579
282735
-292942
-885174
-455668
-482128
-65443
-104987
-504509
823356
997040
624249
-423316
-957080
160699
221300
572826
952374
-417357
-198749
-460712
959212
735113
102783
943449
-94349
-446466
-150547
-181233
-161089
50404
969263
126375
415632
-231259
512430
972285
349969
-306312
810068
215361
-517183
370767
-498416
-278827
-528703
-383211
-848003
-525332
-749290
-744895
232160
-692543
-439228
-273851
80059
-669071
694800
567633
-949755
443082
-170273
-918651
916133
239612
157675
283429
55076
660436
-514660
-708310
448460
-130632
-520304
-126123
983438
-164284
-489669
-557871
437297
-442323
558227
980775
-634623
504476
243419
-78673
924662
-154282
104831
325764
465561
-370985
-317729
-569718
-984886
-525809
-229790
-217936
-911305
-743741
-866704
461877
-796344
-843179
-228474
-512705
-325323
316103
-530071
-607730
-374096
-495988
614891
-538997
-163403
-307591
698610
384807
-138735
-672084
787663
958213
-662022
-539238
535543
823896
-630840
-675677
809685
448653
-36099
694847
658270
-307276
-669643
-622140
-312133
-631986
17555
-1941
950388
801171
-964126
579165
347507
-796127
953699
452803
-658549
-673189
929077
-848543
184900
771268
905134
-986640
41760
575990
837202
-146599
-205002
478369
936723
-134423
-269589
-256888
333147
241681
305887
-224165
-753561
-474746
-916030
-923228
-800998
-955838
-532841
-472334
-846109
-152285
66516
-6059
-197394
411172
198841
862766
737102
-46350
769049
45984
421575
-752395
299194
892010
511512
-242314
185946
-674397
-820055
969061
326793
-694292
-924307
132591
819349
777725
467864
-170501
493972
-16686
-869113
532416
-46732
-604915
-778555
-176909
41650
-583319
-86210
334838
-324570
-714598
-764174
-842407
118820
-349696
42519
-471495
-813652
-368574
390729
-20255
-722337
-425218
908368
-336369
-599334
-423899
-412731
-363814
691350
-281414
51041
306581
922038
-767697
317618
112865
273753
294981
998229
764773
-388237
870412
-403130
19931
938413
515159
814229
-555804
-983065
-899382
389770
-363796
-302299
-356934
663547
878124
489431
893292
-241856
-205420
-921168
-619653
-706502
-865302
788519
-416957
198741
782815
855795
-196175
130902
-992597
165974
656842
741132
291280
-222816
-866269
-551375
747206
362224
-508037
-739695
751277
-167651
403053
-339488
-967299
301759
616579
614856
-448266
-918997
240407
352063
-200729
-298310
824903
668244
-608702
-449685
531954
-911869
-284814
-257455
503434
814950
96576
185867
-678861
-774434
-268114
588977
287619
-784260
-414286
-972410
-860159
14066
-503449
-292935
-934495
839147
190763
-530099
-154522
-933596
278591
555565
-120788
-125479
-776427
274711
611092
705192
-321006
111043
780447
24591
-33231
261601
955045
149095
350083
-60170
-294957
957594
312638
888923
519893
800317
825724
-8764
841771
-244287
-898386
-478073
106952
-166771
586816
-237655
-130111
569940
548557
358831
-816388
552701
61404
-605325
153769
-491921
-673130
600840
-350893
-751319
-445785
-284638
531227
-730
678345
-969902
363465
-775151
-311664
-862567
128901
-687121
704529
-185286
-208255
-527567
861657
-447120
615595
-766178
-175350
-932494
702176
956912
-825178
790236
714905
-444840
502789
-799068
259129
-451712
-807257
-117603
-215354
-85592
900673
894171
173452
-883044
113005
614507
631924
-741
-707589
219586
255866
321101
-20527
-586298
-958131
92088
-529052
-687608
586253
904502
327396
-608197
864010
183033
672922
867730
858
-898043
-65038
992669
229606
82004
-885579
-348429
-936013
991649
-68852
38042
-895182
-705673
-37633
540474
-306678
318947
-624091
-501769
447847
-406467
-300574
423044
352993
48932
-10135
524964
-397358
-374862
644407
-52152
-140731
-472751
959930
371015
-749357
-494378
-823500
-933334
402017
-320151
238814
373397
-60061
340836
-135784
213127
-668229
370662
-968317
-881549
364963
642370
317949
-172196
841003
813421
385033
-375375
890576
52523
-496934
579352
124521
-218808
478630
461650
-222880
-799085
231679
929807
55947
286017
507865
64379
-639716
-93160
879183
-737068
-633086
-177696
-784142
-834866
-101711
-658130
-587500
-360901
-391386
-118244
-142792
-282472
528566
-994427
394019
-744047
226765
927709
-102119
-413310
-769725
-81213
243880
-652073
-110748
384251
-696998
-122806
-666168
-208503
787566
645877
-88076
73602
-140616
970435
588341
973444
183418
-660562
-741719
126127
955400
229678
-751767
495268
910493
-807311
-188048
-772078
898486
-635576
626467
571160
626685
178623
-65114
-914062
679586
312456
-862243
-186021
-748881
-618671
-858128
-511227
65188
-733227
-384178
-255192
382373
-181656
-528010
445094
636731
-141876
-749686
-182289
-244240
78983
-56879
337652
-579539
849025
680290
-49395
-16613
-363822
549904
-15681
662790
379827
-90035
155398
48993
-373090
-205432
246396
-79262
181534
170804
982373
-225547
311659
640870
-221147
-638907
-89016
789860
521859
-513308
-346105
-410646
-813566
-953713
-661521
-826394
-919481
-700189
-790433
240848
-423948
-558083
600795
-924395
828675
-465568
812153
732563
962938
703030
-948444
383212
-420202
882935
-57477
315419
-346771
-28121
-971731
-551006
-175246
-226918
-400709
941212
-742911
-875739
609081
759544
-233821
412991
391849
-395534
171442
-30249
16245
-32245
-936851
920097
-106856
443593
-389475
-901704
-203813
439653
361611
594247
989679
968030
-151004
671548
636206
868047
-714553
-439745
-447684
-813041
-169567
-560498
-722237
-953760
-916772
-111382
-890128
931829
-247195
566769
88725
-377848
-878791
482544
-313606
-972326
885853
-2667
277780
-478586
-756920
-568435
-128707
541377
882481
-657550
893657
-823364
932632
115534
169156
370621
-863810
-622358
140127
-180312
325217
-936888
239360
-650994
314063
-232466
866372
17212
749832
-676726
-184275
-630245
-598565
-686351
-949637
144906
449901
-344506
714391
-415384
684724
574345
-305954
878452
713682
-598844
-991429
585415
-662813
-166855
270570
-797397
140559
345651
-493632
835997
536357
842181
-862207
638300
685083
-975021
694263
644625
-540624
673143
-701580
-236574
214106
767385
804302
902047
-373864
-686736
-828836
-625780
972052
767247
-388412
341627
586941
340812
-169865
-350136
992192
334157
-935874
336461
-538628
-696761
252599
-441525
-858959
779393
-959892
721325
508161
277303
574752
-181969
717832
-680655
733521
160362
102846
144101
453016
811694
720563
-459070
80159
-252011
-747027
-274181
315556
405203
-442475
-470578
-623255
-486436
448478
-162389
-297144
-66470
440233
186074
105200
260772
-965460
-152208
627280
665044
503359
-387750
-348138
436130
655795
-442703
238419
80447
-6522
90807
-168695
-137033
-37803
-655156
889898
-175228
-238674
93046
-859402
-990318
567252
886270
543977
-420912
922390
986487
-406614
-461546
451357
537836
-4375
715976
-521705
697182
478455
-109563
93367
223769
774756
649212
882063
-936695
-504644
615466
-305976
-613584
-244545
-172216
-460821
-242128
-311111
370122
289323
-841013
-556048
-881077
-444650
179130
565366
546333
-841888
318616
-72951
117898
704812
-19666
-221596
-824403
460330
157817
649232
297985
-297558
765893
165145
-814037
-322104
-170347
991520
-350951
938797
-483099
184960
708174
-157115
574989
-998088
-178498
900741
-386322
54016
28169
20774
709795
-389292
-180686
15624
-899796
-75933
-310370
311644
-610742
-134005
884114
904970
-149691
-764180
-640464
-99453
-351706
-666091
111058
204108
-259902
361055
-43498
-572935
641733
929299
-136848
976082
-209601
935593
642587
533348
372700
-302928
-863330
331609
278637
457460
-989184
-912391
764577
-123491
238168
90320
-449093
-60871
-765826
-949841
-660106
532755
554910
243007
-818687
-912818
-522926
217974
177811
-181049
695131
44943
-736841
165550
927092
179937
553438
67432
-262115
-530916
32920
626837
901149
-922879
387007
-742504
-94381
342073
-886171
-372000
-459991
-83029
-100856
190223
-532245
590035
-764228
-253692
316940
-891819
94786
286800
715379
-789897
534768
452985
789834
825853
-153355
38077
-524534
-456113
-287464
-928515
194565
-975938
709345
-510827
-707881
-703164
-552652
-871428
582488
-262049
826561
902865
-726978
-845468
753538
-662596
815453
280458
-488934
421127
66274
276716
-631350
-933396
-490777
-194296
-720578
864845
620295
533290
538880
-163601
701580
-414223
87751
-566549
645452
-231989
-439638
226361
973806
-411185
-586501
534431
860340
439446
135591
350376
315673
-930292
-350012
670955
-539126
-30538
-572691
973959
926534
-606899
-205942
-547453
388493
176978
830658
-535670
-204344
104325
281848
154933
-678473
438029
478426
806783
460052
928012
670961
-69262
-801364
874627
745719
-437468
-860576
772477
-496998
814071
-956742
375303
637912
994719
46097
778370
-524193
-111183
-609185
376589
258304
982650
526376
324299
-267092
149502
583717
416998
218150
398676
548743
-601190
-755085
665158
-472170
8490
146024
-447890
-691904
-67696
168156
858630
831089
-273045
734810
604220
-528854
-599329
298716
481612
-809747
880902
-263628
362926
228247
823370
910850
539081
538584
-865149
-912682
806090
767221
-940487
699139
-22355
548872
-145754
-989993
989504
713352
-263332
-610546
-5644
184616
661226
695088
-359681
-370026
-505528
289394
10880
-330037
-656688
894876
-717667
-608771
-492544
364090
39831
-589380
64630
43667
639608
-533940
-276659
-991387
81589
139050
-36044
-594853
675410
-13929
251026
-584896
-108430
-552679
876544
-825781
845369
-434934
760641
857513
-242338
35180
-608603
799964
341939
43920
27608
42461
-680209
-182200
-636536
-864642
380489
794582
-161961
176934
120118
-893530
224176
-972684
-885477
21373
-722374
-430708
989484
843137
-641437
-908787
220492
984713
489919
478457
80988
-486104
912188
-220307
-902238
963114
-928789
-121654
-755471
606669
-628233
757406
-672279
589637
-857498
182097
-393030
703364
-965247
185605
386495
-666868
-960390
818258
442027
328943
-859655
351780
107490
-266750
256059
835252
-532999
-556357
-268950
-803243
105951
460232
-401489
45249
-588022
-208651
318177
-20870
-250439
65317
-967727
-720166
-351850
-929939
465019
868867
964774
186851
89281
-594903
-447912
130897
355336
28902
520600
87422
-700953
-57378
-409691
-780888
-833031
960938
-665501
-69192
-93648
-370539
846105
772975
120511
292806
49809
290040
-9797
895997
910768
175168
863167
745555
884386
-566210
991235
180499
385866
-44622
30569
-2280
335606
560798
738472
-186622
-645378
81676
-883244
935765
-339991
-932623
-543252
776912
-525775
964041
761243
-508605
580577
338582
222125
-809923
-915498
-760984
781837
95281
865454
508495
886481
-694661
783347
-142750
-234615
-822004
-313470
-484365
-154982
-833822
281372
-784428
-290717
-392771
764710
-357458
-303798
-508484
-200208
-705591
-176447
695875
-29837
75107
-616213
717731
516521
680380
-806624
-967428
-211275
149795
-339504
115291
246681
630712
-133254
-891416
-550913
673149
-456473
-377451
987590
884420
-424438
-536226
836232
-40929
-597139
174663
290654
-619672
-604395
-200919
-339676
-339013
-970562
-427698
155865
36935
-881330
673361
-969739
101889
-883975
786264
-993557
68621
432960
149450
-700496
428515
92312
-654516
-64034
-637368
-481562
-665458
386023
658123
-433163
444575
-515282
-882982
-694041
-838446
104903
659035
179444
-895250
-770814
-962211
753637
503351
-517806
-932437
102387
501610
-524063
-692248
587500
-950167
-131030
-49630
-441431
914401
-506212
627054
64476
111637
64063
131116
-36589
-587016
383385
-910679
-99711
-823592
963211
-972789
-441285
-611531
282481
-302262
414025
-659357
416918
141432
98009
857366
-924382
-634107
309274
-253811
498252
-304734
289100
-984204
-531479
-170496
-814921
741822
-28391
394462
-544584
646267
-991392
-76443
576830
-205436
-929180
-183020
-570369
-434319
386532
737780
590608
-80235
539328
655184
502962
-495497
887597
-705730
-197027
988834
-400461
-780318
-718917
-607401
165400
-634503
-579488
-903370
379654
-426919
236383
-308372
310448
940186
557269
784552
846396
905111
522278
294850
-530089
-424010
966244
460734
813122
-443799
-721554
809061
831469
-190360
-421453
844370
687940
-344467
683038
-364018
-420111
-826090
51487
72298
65690
-106164
-569283
-272705
-701754
189124
-518260
129000
-690951
-852433
-585001
-654292
412065
-412486
622793
744239
-483471
699000
626393
8114
904612
430807
358264
94592
-493718
-449400
-412791
437346
305726
134572
599350
16256
-975916
149453
-794672
-92583
338945
972434
217990
672859
952038
-646556
660120
-479776
-530725
857724
79734
213560
-520889
-557328
-528690
38
-491783
-952516
306556
-259535
379860
-895523
-51814
53823
-906127
568619
686179
434613
640259
-61535
600303
-830502
-313910
-679617
841307
8900
-624251
134995
-202469
729859
-517549
-48160
-489314
-647751
-857144
820719
767788
-118288
-984906
594986
-392092
-235373
-853455
-297164
-957534
-786110
528432
665969
561464
-544882
-416373
836422
-935890
-961645
-708870
-342219
-373737
-901824
-744804
-403680
-457399
804211
204605
399098
688585
264305
-464431
958948
-898217
322978
-146331
915837
660305
-811900
-789479
394357
255606
-207197
-895160
924645
615028
-541413
-938564
466594
276391
940783
-246004
-332490
930396
123470
-599910
406032
583491
-719113
-841411
456209
873089
489716
-248400
-909150
978423
930647
203421
-881396
-952440
521313
631698
-768766
-526774
970778
-97757
-793136
-356092
-751246
-680951
951640
882836
-223300
-499051
-203842
-454151
-762846
-361406
-454654
-880788
-828001
-881863
-313042
-263706
-412097
73603
-679051
845325
-602676
-953563
512092
-812206
687932
-424428
2724
427513
-149058
-682127
-628197
-67551
-482317
-606887
793554
-820413
299764
-426876
-256400
-266565
-658562
-685863
757582
-173299
768498
818176
-707203
527535
541791
674394
-514487
-350217
-533623
-760107
778068
-649112
-590315
-506579
-480354
-122638
901080
920382
681140
105278
-214805
274456
-675902
818817
241534
246164
-276308
-110945
-198620
18598
643166
648342
-386199
-153218
-104778
-502457
316637
444740
344721
337325
460371
329411
994697
246359
-476347
-747608
-106518
-193687
-103934
-914019
190393
992433
-266698
-758011
-996530
342767
-891570
-732539
-683393
407978
-31508
579493
-936888
410609
112488
-81668
-556923
-723539
-847420
736731
568973
-343005
-656666
-835254
217604
-765645
-763607
-256400
362241
-530452
-3228
-934731
803537
-957449
-505130
78812
643702
197886
-938811
-14095
432711
597019
345414
-586701
864960
929520
-484600
154467
267658
803205
132864
848731
-462562
-746916
-225387
-435582
-760786
214744
931749
26091
50024
-160659
-400996
-971379
-467848
-885878
172826
590050
-58317
-82683
248382
261665
294956
879819
-975417
414794
952665
400813
496463
-589462
549050
-138599
-731186
24999
460038
21107
-992863
-107713
322628
-864480
-274833
-912695
536776
471937
836826
36158
-529175
594561
493467
-920828
-710275
-945447
-164536
32320
-914401
806355
-754731
675130
-36816
-886794
-250073
167771
599248
528595
87403
-380069
555948
38614
-398386
-230445
-982761
82601
-639697
970137
873534
-45013
-886553
-825421
12485
-921409
561658
-94120
377870
164228
-611482
-783714
10857
-667818
252434
787870
612491
577385
388106
-137316
584036
31522
453118
-755102
-306970
403172
734023
-881855
-454487
584934
915919
-433120
-872193
-643785
61572
840618
191867
785689
-766996
548697
781286
-753325
-266775
-464800
321906
-757595
-386428
-804750
-133955
-949259
439009
-862965
-117351
-493451
-510723
-5573
256003
767454
943321
-701786
-960642
101601
477523
637495
-599419
646043
-724583
714677
-644352
-775095
751781
77224
10622
941188
-131502
-380479
-64169
-870563
-997440
762424
-670247
648210
-848999
-501613
-482282
-872807
-466189
622976
-216677
216667
288571
726638
496776
-768080
-286713
-191395
-435226
-798798
-998923
699022
-945783
585544
284160
789687
290453
871752
404209
888296
945095
491298
-387724
-928682
-539749
600369
-614265
433020
345096
13016
25354
993758
210311
479835
479848
-433967
399153
746161
879314
-315168
363654
952613
-79807
-858299
344493
980565
-181933
169058
569160
-374631
717830
-764856
-128931
-896063
-917457
680925
948453
-928633
894704
55341
97181
497678
961000
-337224
-722523
-802363
-923976
-797059
990023
959874
-68836
98299
-147418
273448
156028
-639808
3962
563638
-24945
-881625
255810
207343
491574
206483
916795
438355
-556784
-547491
-690088
-797415
498714
-468395
-91148
695130
543693
-663477
872562
-618315
-272870
-753969
433652
447909
638935
43339
-8610
-395843
289247
-131863
501394
-943383
504254
-153996
689769
-47441
-932649
509035
-193015
81392
878520
915479
706861
-810351
140597
499292
922885
740781
-371532
-957263
-19903
-117341
-58012
280978
-424195
570120
519284
595121
-983892
-943117
-76100
501160
-852257
-957526
-335617
767485
54006
162640
682323
-9732
922007
-61117
402024
404352
-908733
605152
778714
-192484
105670
953008
-798851
-805878
-506446
532134
-607730
-213481
233129
-41962
296235
203438
419182
35788
-99046
658527
-707187
-190149
-622425
-913655
-62708
523086
348242
-772027
-235760
959545
219870
-526431
-958114
70198
995537
615405
528755
938991
623459
839800
778952
628186
835255
180587
-219004
967601
736086
638562
-487480
-190979
743925
174844
166985
-644317
341677
251318
-57936
910957
-939826
269833
285452
-158993
-592489
582267
-722762
680822
-488953
919360
421685
81897
279493
680983
758254
944211
-227311
-198523
654631
806625
212784
809209
746580
-41219
-974824
880662
870232
480281
873780
269797
-169091
585839
-623727
509117
-311614
763987
922772
-810091
252460
340173
704723
-200879
-331967
-484546
-149277
395741
924260
704189
-499475
-120147
-731924
-417429
-399282
675137
-952084
586102
934944
-935398
-805569
-719701
-533797
-588323
-456007
783769
358517
365156
-896767
484931
-716619
-995694
120848
610435
443203
25714
767707
-177091
-98851
539070
292830
-352503
269523
-130023
-889978
-162790
593996
-860474
500702
775935
-122828
-617633
-309974
620785
815295
-797966
-5026
49593
342377
-83208
714220
-973018
367594
19679
61304
-896906
114940
323655
907496
-10936
-372131
-753109
271990
68394
-601292
-581156
-732788
300083
500904
523266
-969883
641994
-785821
-60826
666946
-923622
995321
-157899
482599
971866
583883
179024
770369
-511445
321502
772926
919202
763697
442426
960266
913409
491288
-658346
-754897
103529
-32207
-367077
281571
-799459
328517
-478806
381302
-751168
161111
-916566
486789
-704821
515883
-889070
520903
-528269
-915613
845831
-865110
-990291
-80993
-725593
-927308
823876
-559126
-897560
-426661
-746063
-125561
484958
363472
542876
-578900
505974
-344632
-271493
412920
-200116
-62490
-86421
528984
-118816
-865262
468747
-30590
-419436
783327
293262
-554150
952859
-574774
314695
154115
-988737
-718989
-210474
367652
339591
757038
-232186
587012
612316
-949798
387653
-843171
207290
-601783
-332950
405842
783219
-438885
72308
989944
-492117
-610082
-136733
-652750
-290552
915665
540167
-69751
-609607
932858
91480
397475
501324
429496
-436034
-812717
600626
-564845
277624
466804
-854070
-452202
-382866
501036
-503975
18940
-984145
983509
-105244
-949920
694184
48862
-112055
914987
870015
-112982
357392
-745944
854475
-751732
778957
-871287
-618157
870034
353842
315549
-391602
-479151
-17029
-125556
-725541
-280699
-699491
-996456
-271517
331000
-505933
-702782
-940400
-663576
561889
655187
90387
708330
17944
-257800
830605
767876
509625
115924
793285
884149
546243
-939868
-701652
-397384
-526396
672882
-466180
-548722
-426774
-420478
-95167
450138
-324359
990140
-551645
445345
-613118
-504424
480932
-256983
-570193
176853
705447
931716
-763492
57872
-652357
-227678
942583
-799280
980103
688241
174457
-925451
-474985
-590428
876629
-196686
-786972
449524
386216
807686
-693293
-75587
298399
399744
-662761
-991759
178214
798766
-959817
-345795
919976
662578
76202
-785263
828719
-938872
-665287
959662
-551297
-374823
214246
-134104
319916
109917
86301
159608
-17722
-859007
-991209
-553389
476933
984628
-562024
-216263
534506
-682609
-819156
-540230
-588612
-708314
758104
143602
-66604
-158852
726340
657952
-855602
669894
548982
-313483
-445605
51674
-747577
474500
-859923
104962
-425184
-822582
247615
688592
-788828
373861
511037
908480
-236629
-787549
-554307
-990375
658381
542394
623426
-361315
-266262
929998
314571
-110709
-411809
617592
-362599
218850
5783
-617067
-222823
24224
371131
245670
818282
788574
426034
583027
-893273
921909
602124
-334993
-347561
928907
-466764
455690
993956
110112
-408723
277803
-401151
-233483
-931085
858394
-27289
-559212
-684246
-486046
244325
-820538
-135899
990471
-134610
-715158
-491667
962505
-733215
-528628
108456
326040
-762386
-804513
-809684
38502
605806
-287393
-679062
134412
-200515
61574
853505
581761
433778
-149928
795769
-595826
-240970
-582113
-796357
-556529
363443
-525719
433403
-405843
-86540
463511
-130678
-478869
46151
269869
241303
746062
-876935
629644
-736943
160266
16350
-356374
876498
-288781
-619932
640468
-621850
-856236
87473
238466
-758016
523661
-285987
129974
153775
-747208
-805194
-648963
-688495
775401
-965145
123259
26162
-838677
-663007
-390756
615907
-133949
-304002
978470
549198
473858
228071
492093
973882
574936
996372
22576
822985
732217
-573195
-33014
320230
624397
-477863
634215
597428
-162964
-805959
-615857
870388
246663
-495274
912085
-910092
505020
-388512
691084
-546296
567340
57719
-460844
656762
441302
847854
888027
670708
597297
991608
477916
978325
-68396
-90055
299391
-459847
522583
-264304
-581071
-124514
112716
868957
-402010
-306119
334424
-615644
-241550
498713
-171804
-112532
-421804
21850
129671
-503531
100323
-683725
848672
-881669
664150
337454
532968
628597
445838
182959
921077
-673440
182667
767163
-284657
-904333
568542
413551
903278
-964749
338320
-919114
-826892
799657
329605
743828
437172
44178
-343539
905604
136766
708000
389630
-953428
-886417
-999634
601832
-884154
-109897
-26529
-830995
243078
-221587
-175140
-221840
94906
-683497
-189896
-858896
498632
322969
-128182
949330
-704943
-191559
768074
-307947
95146
638060
-542816
-734295
-589799
462719
-681571
557604
302606
748781
571908
-26879
475104
713165
574970
174163
282909
-447055
768121
-235038
451436
786099
-507388
-223664
487163
-164519
3208
-4581
-896521
49627
706110
284164
-687244
-101329
622415
-844966
660238
-690682
438456
-821249
826542
774598
615397
-821099
835574
-896147
-481391
529638
-856520
658905
-855678
-688919
-412686
-241988
-290561
195112
514027
-735866
-504941
-422674
-523411
-744733
66079
-193761
659188
-558737
382391
390349
846413
742593
-94650
-178558
-389291
-613521
230749
283408
98657
-922405
442784
688936
458526
707873
-783398
-28649
758068
613410
216588
-842655
-539963
-431254
613204
-957715
881219
-477955
827464
-384956
-478937
-982153
-329272
-395772
464877
-821716
948598
-612148
76177
366070
-761995
428614
-237002
211923
983660
-354912
445598
-976336
-948700
-644045
967117
-29095
811827
-541404
364688
258632
695661
-670964
572953
838005
-817810
513369
250414
-180138
-462871
746369
331815
-963933
-191737
560598
-191408
238087
33856
346819
569892
948368
-116430
368045
-808815
351819
-311046
658169
-723597
-857575
-738817
821150
-273010
460810
-424209
-145359
568947
348267
523285
-548133
20022
-264023
877595
497667
280274
998737
-500026
287835
406339
795258
235508
-952827
55476
753484
-759042
-554953
-482430
217766
-361225
608298
-485132
21684
626220
462865
123585
87069
466284
-30198
451336
-909110
208858
632851
633785
-395280
-505041
-514475
107538
-850445
651427
724631
-499977
841819
621615
-503305
-970584
545367
188573
-387721
613448
-918808
-918893
-344371
22264
546948
294434
115042
328185
-704547
-658161
-547054
1170
392061
-748462
650237
-549072
-169498
-635443
574781
831917
82001
-670186
-618155
-105824
-151393
-614212
874127
-968783
514731
-968404
248498
471239
527547
287923
-797045
381192
-411199
-222066
-710405
609677
41440
172040
-255382
-285105
352427
511759
-530635
505564
-743457
416489
60618
626111
923692
34921
757405
-355740
974890
791274
-842729
-42436
866749
-171186
-507335
-464072
-986282
-129309
189431
953066
-231759
-774555
-377494
412932
-994966
-334764
-61721
154744
-978081
-162347
590205
-526077
646606
941347
-383698
839756
-976888
247903
-849318
956155
623188
914376
-455899
-363474
-231353
641899
764620
-671755
997671
298132
-78898
694539
-662751
289213
-550903
997896
254665
790329
944024
220560
-712924
43864
679555
-958740
91042
873841
216381
-436118
-638291
291718
393785
452605
500591
-969709
778440
702005
-760715
485821
-82987
-57821
-149091
569158
-806429
323897
138445
605821
14584
132673
-847016
568206
-261231
-174873
533763
733616
-342083
340863
768548
-960244
668781
32190
14324
771556
465879
554545
-692045
552657
139218
492667
-703913
11287
721120
563953
548894
171818
662765
885483
371169
706792
640976
-980030
693057
-113597
420618
971810
596977
841632
826075
587942
-705776
308170
-319103
565153
773683
-468256
998662
-777128
477176
7108
-531359
520644
-659125
-515361
-19982
-258104
234069
227144
431831
647751
-389769
273881
-210188
-274732
919736
-6281
593586
963668
-353228
-110625
686675
788446
-591147
-930399
-318116
-697075
145315
-340546
76380
-926540
-807779
-291014
-270129
-140825
652489
-732369
855168
220172
823160
-946217
-324452
739927
-3040
318384
-296140
643178
-845591
-703914
-838128
468446
-537810
-196242
391635
-458699
951870
-166035
-249061
831601
-869368
-495934
-243523
-699937
925232
-430282
299018
661544
839668
-662015
651050
174248
-820463
-319139
-512274
261312
-643816
-532661
878826
-991489
-430422
408967
-353385
-635719
263355
-114705
891167
473298
-89748
-985341
188282
700786
-15689
54208
94115
785638
-286264
117038
216057
612845
504757
299933
471308
-974120
282586
-985110
219507
209445
549557
472994
-807154
-950395
-838529
423765
-905953
-584136
297189
-622761
-466899
668066
695512
-744255
-721511
-122531
362021
-912012
-654427
-461790
-745413
862893
621626
-520335
-261487
-830835
-156874
780777
-576491
-145114
-277098
932558
-6683
576071
-791173
817420
-13880
426984
512173
-25612
188849
-994831
583705
691708
-974647
-137794
-815411
981327
-687636
-344671
-557344
-65486
-696043
-292754
-335006
460714
-738189
434527
883416
-138032
-79874
207692
-175515
-135396
-40747
-144828
349622
630437
-731681
-263806
-561053
-396277
582622
-210187
276662
-88086
990775
-786033
-834981
17637
29635
-757735
-195503
-966312
-620979
653753
-742310
294015
544478
311701
-432181
411948
-236922
-918812
-478
788667
568395
-99702
80300
27924
130659
-887052
-929060
429277
306821
874178
-396462
969922
85130
587304
-328899
194862
964271
94226
30447
680285
-226208
-421362
682433
724630
152107
-933533
926552
366044
-311009
603832
-947914
216195
-972886
-920093
417850
-990605
-549406
-832268
940009
-385395
-919778
-600548
539447
847789
888188
-202123
137994
20961
-733888
258403
-49140
-530442
-482713
157332
899758
159518
-968111
-870508
-747428
-509275
-454304
-468746
-839259
968487
-476601
-519247
903212
623411
-517002
239244
-947401
-614060
329062
573980
540902
-301059
-9935
991928
560990
-402549
931389
602917
-8027
974484
378503
-377570
-717160
833966
-183809
-4058
388048
-202247
315690
407246
908450
867977
343211
243222
315018
147665
-871040
-177901
467431
890776
-70745
-562787
-691893
811401
-206523
26827
217494
307664
326146
469029
-832720
-689066
-731973
-339980
-495928
-183934
635486
527399
-656188
846883
-815584
237794
593380
-799096
-348440
880830
-460250
598969
445546
-771046
824540
987559
-609475
-178938
95015
970277
-593092
72251
707829
-146343
-692194
322912
-991871
940754
-779803
-836292
896425
181335
-741217
-75509
-771731
265538
68417
-253160
343746
-712952
-888880
-522582
-706673
413947
-261847
56752
-730817
22902
-444859
86718
1247
-560724
-308347
460432
925193
825455
556122
-465346
-210561
402972
-484335
-683729
477499
335447
-29249
-913414
909112
494974
-234393
655262
-725748
-438660
-431151
839161
-210236
-709532
544063
103410
-441496
494429
152967
83800
-105260
151623
969953
323033
-687227
89409
887155
666269
489229
833131
-248449
424900
-680
-20455
906188
-81941
127000
72090
924556
531259
243153
-489325
-259185
-470884
-574779
-994174
423756
-925013
-411548
508121
-855347
-862660
326697
2597
918228
-832228
249209
609375
633845
-333891
-330595
-315379
891185
982540
-272481
-112523
620798
-635823
-365182
-298702
-321255
689801
-641699
-230220
-183624
77806
717549
830206
-712906
123501
-133110
-737240
-327390
-183295
-182796
-526537
466466
-993021
68277
757557
104337
966176
959260
-783106
-381138
977176
-123061
563251
-757989
-887702
484745
-886370
-921737
557812
-235912
-106811
209481
869792
-346902
-149704
-617884
-947282
-965373
-339653
649785
303884
-371981
670508
566145
-174297
-640455
492919
73538
712795
922283
-738563
-658721
632946
-785061
-67537
227130
-551827
-219635
460711
-247054
-2633
-363964
840332
973869
-598644
380865
338711
-292425
757390
-107234
417970
-934061
-852793
-478417
-540377
-901520
-644479
58211
-360955
-359202
-649965
57521
-597010
-835599
393331
-627132
969894
-906080
615046
222359
90485
-294954
-954517
-94912
-402538
294946
-9099
338907
739632
-480156
451451
847536
-127500
5619
592662
-401885
630672
527728
838100
48960
-61623
-410374
157403
772365
929978
-45303
835528
133483
-271485
-548038
-60682
-702320
-435692
786212
-353178
-90576
-324454
-151724
293363
638585
53365
-27209
395252
307599
48484
-518962
-472557
402491
162210
-840119
-655801
-765530
-621798
-91716
797065
-360840
56890
215529
74734
309235
-477510
-693939
782322
244442
-978555
385084
-167916
-468971
-897697
-728088
-689290
711772
-299189
319868
-835335
838667
400213
744430
648144
838640
-77440
-66351
-706581
-858884
435035
512525
-200281
608429
-428886
-629959
214997
322187
-492658
-351463
764758
-52627
282684
892879
83223
392355
-382567
834034
-905019
365990
217997
193108
-608685
732559
-969678
214190
-16809
-908808
-783283
-228706
-278155
88391
602781
610777
-132766
641442
410637
166780
-795332
-493255
697377
287653
855558
152354
-751917
438974
660593
219980
861861
-912560
274353
56322
-855119
-198839
-22403
272705
-509196
836576
-217484
790968
-476983
-989501
-607457
222851
-56468
71708
-12793
414074
-780494
-876521
-603511
549554
-840354
-163114
-611810
-647849
473799
-512586
484277
526898
634130
943480
-23946
-721068
154974
-348242
988030
-63950
506377
352188
-724499
992830
-795388
523688
713930
668097
348003
-787772
399729
879301
933844
-321182
832981
-79920
964686
-172727
-23678
-348628
-129265
-121854
343902
610850
-528510
493283
254693
2627
673285
-900488
-102444
165315
-341503
-524295
-265289
-55672
493182
-15958
-102715
197625
-347005
-17928
948759
-67081
5924
247656
-938854
585834
933568
-863975
573509
-638118
660349
-727104
624152
-571506
-578245
187419
632527
-690479
77759
58016
477052
-706704
73009
831642
712394
394944
223831
136389
-391264
803383
-740652
203704
-809338
397835
-941675
-498547
-866490
-679127
375635
771050
962633
663311
785579
129737
953275
185520
315381
33258
-452968
130201
384848
476698
-335024
800286
-788526
-831462
-634747
-976909
-77264
741815
-66282
-706149
760133
-668725
372869
-78971
-856511
573994
543853
336836
-880789
194876
-614277
-679571
850151
857861
-356307
-849838
-727979
-545712
-481213
-191889
142319
-556075
-569954
-38627
58320
494978
-283586
-773594
579049
-553724
-279787
-499827
55164
-469197
-918809
328003
601767
758971
82111
934552
588845
927076
-651007
-42116
337137
-649257
-831395
218046
14106
204076
732164
523408
-640315
800257
-570426
420399
-725050
880418
-113246
-280212
-902013
790550
310821
891529
-316400
344105
-213082
212222
-266016
-923072
601883
-750591
411109
765579
423765
-885477
951369
-777138
947293
499775
628426
-670708
251383
873607
-221486
869054
763210
-905382
669471
-703086
115511
-922661
-955297
534699
-321124
730441
-262080
-979726
-822749
364369
-266965
941937
172501
-498200
-439806
-352696
-350089
-482592
-316659
-507399
-71801
-619861
-569933
858609
834675
463408
-146023
-409697
840279
304143
455109
510391
666549
354951
-943200
-346480
392094
-720191
-381207
390873
912841
-213868
-995432
54972
-360762
-267281
283706
-927630
-92639
-641464
343593
320155
-657262
192381
-456693
-279090
7488
365855
-613132
-65660
-328165
824848
-949966
707167
-106679
-572109
737816
-489246
422547
-785368
-848344
189317
-513206
415491
294870
-493013
876224
646234
543849
-643060
590338
889909
398552
-857611
-249368
119879
719831
-554287
922660
506174
-296314
-270349
627630
164423
329446
326668
622902
42026
916281
-21356
-956106
-447808
-740575
231268
716930
698681
616013
-505550
448393
-659590
53893
-641164
-752677
295948
-991142
182597
-183745
35278
847295
584546
904972
-330762
-394576
-521140
-965522
446418
269740
87681
-469701
-970400
115872
-5208
827659
767792
-254603
-992297
97550
730875
110751
-629501
-716612
24665
983677
-707843
181957
831529
-12622
-574756
-896939
882249
774155
248148
-904401
808674
-565688
-834432
-459484
-465808
-174650
211859
-190577
-503692
-886031
-529389
-97061
-567136
306409
-948651
123234
-25916
-777920
-335891
-72772
-720019
-920936
-976150
-964861
658242
-825493
-198314
-408732
-605746
112339
-866361
818421
-156283
304
766682
967009
452921
-590272
735087
-925444
236670
927888
556690
476143
942314
533829
858984
-237019
-675380
113772
491950
-391598
-720621
-839
747523
-514436
488551
597641
-888765
-979429
-514293
-930344
-952562
-145596
-750405
886118
-437373
305666
-452342
-930737
340086
551647
912000
-608025
-568467
669276
750039
-333658
-811197
46510
-66447
653819
756618
-545665
257203
699351
210726
34192
-13021
-727295
780380
-631695
619385
-774179
-226550
-803726
372373
-405090
980697
-149037
689123
-983067
-181866
652149
183251
411534
-279583
-631112
37801
527467
441395
-796577
287867
-844279
457460
877404
-716874
338572
-321821
285960
-704343
938321
-248899
685480
-945705
-134489
383989
621051
-213372
193267
840329
-139239
-140816
-217468
608980
535201
-46949
-548054
-488983
891983
-39346
16128
120537
-225993
741900
-705186
-67828
489239
971652
-892645
-363792
547686
-198704
244443
665078
300921
99797
233577
935637
-158685
728598
-570380
901870
-865200
498586
770772
-606832
-250500
-179168
806379
2112
366535
-894591
408298
708043
-710356
764023
289041
-823881
-608150
928120
-347567
-775960
-507563
-690063
506250
-528228
-293045
-378845
-54627
-214375
-762174
-430197
53074
-636450
639143
-488735
417702
-959716
-896146
742622
-794355
-334603
-311870
-271755
-382256
-692443
-176001
292963
-796395
450931
496788
368891
-64856
-935470
196239
-854931
-110903
822227
-401251
685843
-507703
-261893
-464843
896247
141897
541616
-529461
-139776
-649135
-291535
-190276
919602
-277614
-422440
-450669
-830208
794140
385101
-387833
-534070
-727009
582880
331534
949357
-617651
620482
-593448
301632
-502057
-719221
-474602
386892
-264362
-986594
17331
-24052
575227
-15481
991073
542672
-639237
379383
-596085
-533072
495324
-397827
219535
981094
-529719
401499
-927579
-420397
306357
828817
-280175
782610
-445248
452768
-487081
753071
904560
-209745
-506359
-978366
163074
-621468
885831
-312024
326762
-737883
826693
-880591
-278641
-131167
634066
743235
369922
717245
616427
204808
-105118
-821694
327649
-924593
259080
243517
-86456
-492946
-363438
99439
376629
186993
-548612
598405
146812
-639688
557527
-445095
-252075
-191282
714410
-723917
-816960
-288608
341669
-251483
-142032
997524
586964
-335280
-508592
-577243
309783
-57354
-458149
-764880
430571
-810247
915448
-810930
-579440
-272634
646546
-485243
84916
5749
-269969
328662
489968
523475
182375
809782
462261
23407
-977555
-298488
-491138
-227417
340989
-599433
315580
-792323
-476181
731540
626515
-191391
-652567
411975
-64163
204704
-108983
-466912
-669737
303159
349504
-430336
856822
-324089
94118
265472
-145232
-412829
-783431
999663
221556
388429
966429
373156
-460318
-928841
-536530
-556113
-652196
-713040
-391772
-60841
-818884
472772
64347
-427122
-598954
720331
738034
42668
130783
311094
-816941
192068
-981384
910505
-151657
178728
-772241
-143397
696189
21705
-769978
-94085
-501960
-181586
-49130
15794
-655817
-584920
-766253
-495043
-99974
950710
142828
-862927
-608502
-764592
-531007
107871
-5664
-925443
568471
441560
246571
698363
13141
249353
-899256
-152133
-381306
-934530
-679947
249157
-709654
85993
463794
533644
259794
-138978
694776
977142
358771
-209172
-218171
-665041
234691
-705263
-875874
494375
808633
245538
-699966
-7084
65252
-857797
-190670
-958845
49949
278819
-566347
-492420
-683988
-213650
8617
-743189
295590
-428116
-740349
241549
106348
248909
205619
-56813
-621545
541441
-972710
-475391
601150
-916608
-125634
-737061
-276783
-71733
-723375
847320
-412318
-251628
164812
-563755
373308
440777
-881627
162060
104
-212475
-719546
-514345
-289632
642348
-268046
-203749
-420833
-845613
204437
45012
496687
-34677
924262
-555440
-334353
-26093
461787
-966520
-651946
-748022
748279
398714
-561675
519244
-703003
862137
-426015
-667879
59779
-59344
-875445
-104886
952767
-59497
11019
866465
668958
796775
-164852
434137
567010
109882
-143078
767855
-331851
-118329
789385
447885
-605313
-46206
-108908
-787972
-11875
-265820
-736465
504114
977244
666985
503472
234989
718577
-934225
-509785
459778
-542159
263336
781630
-864869
-651378
-906729
512792
-153946
478670
548963
544086
475158
970161
447203
-588525
-370636
39928
-48354
323860
-157520
-767727
809980
308083
-859573
-1124
629390
-90431
-916007
954609
483199
509439
-440137
532895
-515562
94099
378088
-677006
15944
885687
250397
-327568
109789
-236629
313042
-923699
820745
626237
-332005
-109539
667146
-6569
-21241
431448
433025
-423036
-976537
-326980
-229576
-246321
-777551
87098
614697
-191090
415015
886760
-660283
302751
80082
479731
-650564
945181
-833291
-422063
-188129
-43016
922434
121715
-205366
-188450
445154
-286549
-416639
68336
732961
-556174
-321907
644866
556105
844326
-810159
-85693
-476996
-311798
501563
-9252
529462
871026
897760
195100
-477994
703144
59004
-240791
200017
73436
188830
8720
661076
-590715
-624159
741799
-226915
-663823
-898845
229343
-313890
16170
-886634
662848
-211041
433197
942782
-47199
-615630
-99081
371478
-225866
638644
398440
992724
-972904
423305
889530
525655
-239843
542223
360502
-191213
491277
-123207
-162399
573876
64073
-182895
408926
-536876
-207372
-293271
242098
-973593
-858159
997109
11104
734877
-393384
-33971
-509520
-566806
-97057
282065
651056
105174
556059
-934242
240872
888403
-40194
150987
-713030
-173318
-232525
-131236
-105046
-190344
-97652
-328356
551883
442281
75743
346428
234564
462510
-74305
509780
-816012
-321521
12819
662120
874550
-817836
-989245
233425
233319
-423167
-195285
702159
-709260
-606526
428342
-514292
-879808
-28980
-258487
323823
795118
257590
121395
664328
-54787
-896465
746143
-871348
153280
-289230
-766609
-612620
299069
-443246
708892
328078
830964
-555082
214339
-184892
337869
543123
139153
-406637
199456
975982
-726679
-236171
-752590
-406927
-528398
245654
-92110
929889
606043
780526
-520980
936766
445764
33660
447490
429639
-244097
-377097
678526
67928
-999621
-324474
-629345
993167
-30307
-518502
-840814
-599444
-455678
234693
-783333
705458
-100889
-425088
-170738
-894168
-776165
-137279
-762406
-992549
392010
-506492
-107872
-516029
-990366
-24377
-996095
352010
862784
-156757
435572
-841713
61557
-196495
720406
706044
-219704
-570915
-232249
-746954
256403
-56422
273135
-115952
871151
474851
382038
220931
-71380
441405
-573155
36303
520702
-147084
-879706
-844531
-209887
-392937
-659023
112585
803933
387582
-478258
878322
-15980
881001
-529922
126944
841789
555841
-216873
811626
-994896
-283021
847870
157370
-320502
542291
696253
-958997
-577660
487917
257882
913854
254216
125608
919591
-983353
-613480
531081
597404
-95925
-340899
804949
-38897
135376
831313
-449312
944981
-413528
691002
-393089
646231
715557
281670
998966
427114
-933672
477830
-38943
893909
-900446
-32615
667758
-671376
-695945
-570698
-496834
511634
-53067
-150169
-170935
285918
427565
-402427
-257194
-796684
729274
-498380
-736942
572246
334430
865413
988061
67002
919608
513520
-663026
-875900
-612789
654123
248039
736681
54079
-775627
-103660
864483
-185928
-473621
-855729
159845
330785
476396
17110
653569
278097
906110
-652275
-597713
-240690
-327803
-582455
-457973
248375
-327046
683201
543628
-862037
185153
-415174
-673929
-155100
-917692
-607902
546446
274566
75053
-611069
343538
-450829
314722
-250386
175133
-677768
723542
695671
340461
465842
775972
624368
-965903
825768
-541836
367482
601395
253808
788118
-247306
-977672
-740228
239036
-329485
-458273
-170945
574017
499823
-101384
613417
824513
875634
-716351
211776
-915598
64539
774946
580604
-180203
257858
-440437
684537
-218862
-243412
342909
-901275
85308
557564
188293
-825383
805432
-726264
-466637
774210
-68055
-278678
284425
961066
-11039
300896
876313
-448339
426322
-613938
282456
-229375
-210002
-649994
612580
-99306
932060
594553
-524291
-665628
208872
976991
387600
-689958
582618
-444020
-275417
69446
103229
468603
356704
486307
270212
233304
205882
-762012
308799
306984
-474324
-189166
-957723
293174
759355
-150903
-399827
50642
-876965
-324317
-335793
-413037
581946
328858
299228
257787
468833
576307
273199
431121
-109086
-52822
228635
-875361
821799
359578
632877
944009
-554024
-422708
799809
-876424
-234788
419243
480847
928663
-37036
870305
727634
-687956
945458
233140
-159207
635776
67857
-892746
-483751
130713
-828340
-345181
867358
502465
-748728
756407
-253185
896187
-967847
14772
-848287
387703
-652211
-168793
-50850
217710
271273
-829417
527209
360971
67148
-759996
-82552
-623401
838510
-512689
21568
-398158
-464945
894861
-475854
-508695
-619195
-83227
-839981
-508940
-949883
-573461
-535207
133200
-913464
-785485
208124
-370277
-710800
-68717
-804629
-93970
-439090
640726
-535826
-513825
567058
930895
923224
785993
-794270
732997
-715521
-692492
-952700
-126629
173196
-601197
-108154
457826
79068
-856715
-441181
-622450
-666498
-217467
-45607
-876170
969650
636808
-573495
-560143
-368772
-73581
975673
866198
-278381
895747
-772449
-152912
-336035
830012
160847
-837436
733561
46731
-486135
274714
36119
-299811
-95535
-853178
-19882
-663344
261179
-392127
46784
52093
-778357
-785033
-236539
-540333
-924823
953737
931164
479229
-274703
-742306
743748
-825350
-786850
-853683
664769
-210023
-448087
699234
-551808
313406
436559
-235949
-582715
776672
-97642
523638
-327903
-783308
-586441
151997
456502
753318
545543
-704119
-317090
-687999
-6190
-187719
610226
-995414
934960
707084
-848965
998811
-693475
-231627
546801
463050
247996
145684
588226
769684
-435415
-171458
-284710
-567715
-722670
-462998
356397
-186148
773031
727272
940553
-869335
-593210
-411415
174096
-666297
32974
305752
271234
-145753
602553
214539
-146570
-855460
883313
-923774
642883
296165
694800
251384
309070
-122522
773040
158106
-334845
-299138
-652131
329222
242993
187274
-586096
-985608
-150515
281428
-247319
-701657
-890331
637819
-322634
-845935
892311
451266
-685430
935972
187355
-579676
214419
-581492
77452
-431937
152443
-507288
-692214
-338438
-214059
563023
-516491
77044
-899752
-8606
-570521
-226051
61993
389773
643812
-9451
-66062
636439
218046
23581
102058
-622247
-456242
-77410
788176
769468
-306871
-364859
180799
-144578
975573
396446
989949
899858
497691
-772300
-849992
-257065
256824
-731746
-44188
-992395
642478
480501
533951
754657
114361
-268702
-59435
-864463
-987666
463490
222359
380776
-935357
834701
-389226
86259
-302123
678058
-88219
-349727
603667
-295241
592505
387836
-758192
965389
-137910
-25928
-429798
-467419
-690586
-42385
786810
572197
162815
177970
441791
-540474
-261413
890357
453835
224217
-470988
896827
75581
-974123
-587940
-996832
-974112
-863600
370390
-751743
780885
965918
-472314
644400
863532
126417
-730112
73028
-820675
663456
-50682
661949
346721
-249750
938545
-651418
-99017
-635095
177850
-996609
-914117
-101121
613869
-738191
-832422
205278
-276344
657607
-382597
743365
-433026
-90515
582118
610940
-580964
-223709
286317
-846210
-564162
356775
550457
-880367
-161038
-695127
-261562
-388327
-882458
-442831
324994
-318605
-591907
41098
716045
400249
365793
-86834
-945651
-648629
93521
383281
341620
-159503
46094
-792682
489653
159994
-919337
839363
-954176
810461
-786292
-593652
486395
637205
-557893
418605
923952
132134
799267
-772475
-364588
-361365
-990150
-302587
-115181
-945011
-556595
-626614
282253
572719
-146919
181708
68008
815758
-601499
792983
-35808
-404873
-381552
531054
-129525
-903475
82648
382676
326611
-720162
-373718
-526064
843896
-567873
-926410
-879787
709318
-18255
-401330
-150694
216871
-263369
139838
803646
-463918
401306
982394
497716
-94186
-100801
401798
-975580
479389
713230
755557
-392680
-242381
7183
-110893
259842
782943
352390
-962067
871217
-414729
901864
256619
-123249
993614
224490
295232
-495668
-791116
588383
316502
582491
478481
427232
-342156
71018
225259
115792
453641
455097
-188349
-262399
339341
-453583
508558
-56250
895351
129755
590302
-910361
855907
551141
-130627
287173
979479
-74567
615490
859413
-997371
-817597
-165428
695617
-832345
-228632
-940173
-356477
104822
-151331
765027
88101
-113869
741457
738502
-651264
735810
629602
-276364
-236525
-197871
404954
198061
558575
889243
-176384
983201
850407
-649258
834804
6026
-212654
304412
778933
143045
-851249
-418568
454175
-149009
-687739
-833616
307435
244073
-395488
484525
-392685
-605810
-383157
-435428
403476
652584
-876897
490549
401785
-388621
877649
552926
995456
-824409
870977
-265601
255885
903400
873781
-204669
486534
-749240
816232
391817
315637
-320516
960
45127
733304
553556
-360517
255647
541937
-204347
286878
859137
434750
-651147
-523698
856870
663557
-55441
-419632
509241
-818410
-156829
58056
-487602
-845746
-524246
913493
-713216
-168757
873835
-580297
318808
-7591
981629
527057
-336450
63992
692812
-754970
-843142
-686044
171409
-610825
474941
881875
-23896
738508
-331852
695019
-730539
998370
319021
-961948
-269313
-108163
46310
437318
-597187
-235839
498740
211826
-566179
-282015
668072
726623
-374220
505286
37139
20833
158711
18928
-224355
-161095
957474
-639534
-360823
584935
526197
690943
932218
645712
766068
714128
-187100
-372662
-4700
-771235
720820
661251
-522045
580456
-547392
-828067
191118
-255467
-342077
-883403
206702
-118746
764968
-544701
721529
-994652
-423061
-537831
97393
851458
-17353
-908562
-481613
-168473
631800
993880
270081
533033
-78893
679122
468948
-413551
-421556
222062
-776132
-419459
193626
501347
642303
-971029
350961
259367
-868570
54657
286615
-369202
-782582
-740599
-455953
90129
109043
-536339
-474321
-482848
209270
163291
-719447
99677
-472573
-120612
541306
-693098
106030
692495
-418403
-428212
265425
160912
946194
-713672
750933
-802209
-954570
929976
-964320
718318
35144
-86984
237015
-543955
-906810
942161
560628
388182
765999
-437391
-504023
369484
-205736
822653
-526523
-385881
459186
-720952
-834415
-224963
-442663
-868729
799860
-27093
86374
-534571
-396160
-733772
575572
937177
-697512
-180082
522606
498389
849136
-57986
-966099
-634458
-978750
955809
733539
754377
-576060
80876
-777011
-815641
641662
-635602
66523
-398220
-982631
-950029
-777539
-845253
923238
-669399
816962
275125
-635847
366935
545914
244178
647292
-218099
-259703
-233412
904656
498574
714041
574526
-942183
-692768
-600726
-680583
-447309
-287908
324577
-69984
361176
11273
182905
503853
560899
-596291
378748
584845
-729976
-419967
-441869
-579342
478992
-12719
-653693
-713646
-263390
307405
830912
-11799
191818
636209
-34197
-774828
182646
-122648
-112125
-427603
-548776
267039
-498656
906380
969396
931412
-239077
941546
642952
-133028
-258660
-298694
-684202
93416
897445
-629020
-400952
-716877
742321
-385183
545539
-849700
-809107
451331
900434
635618
560153
-146895
-958
-613683
-348018
-318679
-570053
-989755
30887
-468965
554517
-351670
843011
612103
-730512
-568723
-806152
-82758
-469491
658368
-325104
-948966
-563384
-673227
975328
122194
-421694
368860
-167197
469664
-414440
-872101
454759
-565426
573162
920014
-839790
599947
431982
118307
340599
-465467
-153934
126968
719949
-732769
-256704
-717236
787157
-340369
993033
-126831
166621
537731
-848651
989364
-608252
-455474
-61110
-95818
406552
-877503
-479225
742424
975429
694580
820777
934714
259647
-441215
-917383
510904
878898
939890
-405583
811727
258816
628161
-254592
571512
631991
-859822
526846
-505042
-319320
88787
-777644
-910057
384915
-406740
-931802
-439717
343394
-633745
588848
-256815
897378
932497
-734769
797254
972120
120179
699799
-211664
930778
16730
603244
-31275
-554035
-546314
943258
-695604
274577
122800
504358
-562829
-460001
-888844
964210
-59952
-657284
489550
599515
411614
-848137
-584104
-527762
45258
980605
-289065
-141487
-29215
-13972
-905888
156280
424432
421691
577421
723397
-636813
883133
-191675
276523
-746534
759119
963868
49393
702118
630423
957230
717704
-297819
-699872
-80331
-159519
808468
850003
451231
-669577
-815794
202823
-163568
919104
602427
-818604
-447847
806230
-474107
-477805
-417786
306562
639791
905342
-131082
-631688
-541409
553305
-567928
-115890
940906
-109551
-871828
-554109
524681
285502
-337760
-709040
-315453
704934
390874
284864
205649
-844057
182210
523756
645028
-286353
-390854
-335229
-296975
253254
-811297
877919
-338026
-261269
-47368
-904800
-404789
-858966
358264
-640511
426227
869670
518268
335174
806338
369786
568110
-166335
886410
368183
-639234
95558
-571155
-414917
424888
548219
-525838
-174023
733953
384233
-217827
317595
923588
-344253
-696472
31711
674422
714236
41895
361636
19542
-420223
625802
750477
386158
-787222
-852624
-122230
-147062
-583336
117550
15109
-48683
325437
384172
92132
217788
-836542
-631668
-32516
128880
-683774
483783
994125
519069
-860741
890085
-828889
-758358
88311
-95765
-907723
480834
423214
-999137
-138853
647444
-171377
413066
910826
99834
-258116
-674140
-522226
-106499
514017
941116
40613
562669
-126546
-262519
751820
123663
-943211
371721
300855
150488
-424916
239787
-34601
-505166
-851671
818192
868216
-269054
-537762
-905207
560401
-819554
-108326
311195
-540098
796221
99287
-953932
290495
-573418
532791
-469854
-496319
895267
-635168
-676522
-301930
930770
-964249
622641
192879
-425084
-432146
761085
-920992
-992958
-2061251
-2060073
-3158310
-3383802
7520157
9830427
-9237249
2243275
-3018516
4403564
-4109622
-9487923
-8713835
-8078631
-9984094
6071013
-7876570
200044
-2046075
1210533
-9367803
-7654155
939382
4785045
-3464589
-8600185
8103778
8940182
-9395321
3541896
2282875
1676752
-1439785
-8823940
141840
5844688
2966344
-4107241
3263632
8765384
-7981263
-5206500
246669
-8162316
-6210968
3373213
564
4172821
-2291234
-6922876
2463497
5330249
-7556674
-1278125
-9520261
-6770877
-6176856
-3773501
9181323
-9197501
2248872
-2825647
5342212
-6037845
-6604696
6470381
5023755
6139463
9320968
-2418105
-8758441
8847007
-4520386
7926515
6672804
1114788
-729314
-5228040
4653306
9312196
4227312
-6190400
9184831
9670045
5722254
6920810
113351
5471586
-6161744
-8220752
4781811
4303485
9248256
-1433701
3841886
8923733
7951853
8897271
7817185
6056765
998379
1930436
-6208364
178723
4737956
164498
2453030
-6129719
-6931716
3874324
9748461
2944136
-8778979
-7351831
6361717
6672345
7972150
801035
-119411
-6238746
-7455248
8100116
6003159
1935786
-8807806
1994857
-5151915
5602360
6445368
-6649328
-1555326
5683376
7111615
2880483
9756074
9325590
4674056
-7387318
-5611517
-8781267
-757556
-9630049
7526131
1033053
-42870
-1474601
-2117575
-3640793
4782038
4919216
9434694
-2568700
-5999504
5402951
-4839493
-9389355
-6768766
-9215378
-7089601
8294356
-9005641
-6831633
-9042024
-684763
5984887
6548130
3639004
4317583
-1707137
-1686457
-8290645
1647153
-6959599
3425879
-6944553
-2285769
3594689
1895787
-2970742
4758874
540415
4754376
5205834
-9412919
-8476676
-3460779
2374838
3797220
6690410
8017003
-9819448
5453297
858291
-9731208
2224376
-8922767
-5305209
3117830
-3528151
5630214
-7570731
-964356
7486810
-9527882
9209185
6775868
-7795813
-3843987
9717549
1103076
-1945574
-7271531
930067
3840104
-8989361
9977900
7409371
9715436
-3358533
-2357620
6461182
-7226441
-7469607
-4395403
-9924579
-9060988
-8749413
713123
-9739267
5516975
-441315
2051132
8683503
-3990389
44296
-5605247
-3199204
2923852
9432861
1639926
-4459557
-6254345
-2331814
-578543
3790293
205420
-2218475
-4322757
-4983575
4536372
-9510350
-3403156
6141935
3143022
6335064
-678662
-1650122
5396451
7744178
-4273246
8362582
7868630
-3263832
9917466
-6609049
-2326513
768263
-9862425
6649650
-5216269
1973731
5150770
-8222337
7952692
3831553
-2960229
-7223366
9551269
8845638
9351701
9733067
5332568
-5037624
-2386324
-9642147
-1460845
-5990997
8489957
-2461681
-7748494
-8006694
-8704344
-1325376
-4448010
-7542426
-9947839
6050515
9719182
-4005528
1266419
2298451
-3202
-6314688
5186878
-2222713
846250
-4655295
5972662
4748625
3049204
1828653
2537371
-4653003
-8638130
359262
-2954398
4008695
1436170
-582074
384851
4610342
6329579
2388611
-2639423
2365524
6520230
-4198881
-8149819
9014874
-2277664
6774226
-5530863
-7211670
-1224543
1592148
-8938704
2540273
2004375
-6354513
6033390
1264054
-9052375
-1888399
3929988
-4155645
5335741
2223950
4726283
-3361570
-185736
-9652520
-5620089
1110629
8183247
-5021832
238246
2268640
-8301763
3232837
459689
-3883570
-1793334
-8565440
-7184335
1748264
-9526497
9356189
5885658
-8392833
-2679370
-7584717
3145409
1453081
-7918509
-7362252
1560120
8734548
-8301574
8001583
961946
-2567897
-5639104
1600655
-751329
7032685
3660398
-9921817
409746
8682924
5837202
-661710
2192347
-5163280
4270451
-2315686
9312893
-9240572
-3567148
-1448396
863096
2355875
-9004492
-1860897
-5890845
-2189248
8444864
-4683718
714912
-7482961
4316079
1040651
9521239
-2642218
-5801513
8169593
4040419
-68877
9644999
662750
1144440
4727485
-9081565
-8703765
9037565
5357030
-6721537
7391299
3008039
1914250
-5252964
2701433
-5503890
-1836777
-4227762
897246
-2690899
-7228925
-8245173
2905259
4346707
2133175
-1401187
2736989
4517041
-8034734
8790617
-9411964
2406810
7194860
1244192
6080471
-4563429
-6915815
266356
7819225
5552977
-1764342
-188720
-5788337
1092968
5776384
-192699
4440281
3011961
5667333
2374406
-8615039
-7160381
-1309025
5361283
3003691
819754
-5852701
1512168
4677820
-1535333
-7143429
3531989
2153793
6421304
-387368
-146023
5863190
5700591
-337191
1503261
-3236695
845036
1291163
-927783
-2437470
7383208
-6031370
312693
8309591
3174122
-9172833
4686944
8580520
-3170897
-8884507
5756415
-4053498
6065948
9782207
4197273
5883471
9108090
7948863
2088439
-5731216
-159477
-9142015
7378901
-2225081
9729261
-5556688
-2516477
-7772593
-4909314
-2983725
9083192
-42727
8992337
-7328924
-5408778
2665060
3322109
2376796
-7998536
-4353897
7627774
-7657914
4747669
5827785
-1510948
-8935106
-1563426
2977736
-9312554
3974485
-5178818
-5332737
8378865
6782645
6731904
2866608
4137977
721750
7919683
9065103
3468622
6317828
8613114
-2111466
7153857
-8829622
3981152
-2483063
6882292
299256
7664191
-9003797
-9526736
2876173
-247665
2532297
5624947
1647702
7670306
-5223350
-7928004
4223515
-1169642
-5068927
1661469
-4960764
-5092501
-7028578
-2818290
2414562
7009626
-817874
1899141
-4138573
3978583
3586777
-2896549
8720740
-3942158
6078903
-9063132
-6372749
1429257
1941264
8291034
-7434831
-3956901
-314662
-9241277
1557274
5364447
3842970
3418815
1260569
-2365792
7720268
-1611136
8496528
-4456713
2052290
-2453645
5393036
-7884424
3261399
5996309
-4278158
-8166821
-93955
-5972990
-414850
4466420
2996124
-746599
5583010
8315728
-1998231
-6176124
7465952
9406871
-6878848
6364414
-8056798
2658663
7433566
-3379419
-3036969
8307753
953628
3572553
-9269344
-2931395
2966174
7187416
1002007
-3976007
-948252
-8843738
-9308413
5343344
1795287
-7402492
-9431427
6319629
-2991553
2679318
-4267614
-5217795
921425
6700343
9280874
-8101164
2947870
4962406
-497893
167715
-1617745
1742519
-3272576
4300501
-1278966
-4657060
-7403857
8653793
3189445
-5632379
8937328
-2037549
-9107982
-3960682
-4017051
-4965160
-3278704
-2167772
-9220019
143533
6932343
-4538787
5371032
-9334576
28847
3460716
1883728
5865545
4234435
-8928753
-4967944
408709
8250005
8900376
-433963
-7333063
-8740262
-916626
-5035720
3284313
3731952
3149124
1812952
9637101
-4414697
-7017571
-5599750
1369268
859344
-7369659
3320405
-552135
1114023
-2637919
-5311729
2036555
49061
9158963
-8257515
-4932072
9891168
464412
-6952190
-6964309
-3688207
7891425
-4611300
5511843
-7909664
-800108
1865202
-2264722
6430846
-6959078
-424068
-2078916
-2570279
-2556736
-2474681
8629225
-9008653
5391547
-3050240
9507280
-8412829
-4550062
1707616
3654768
1306808
7845937
4615793
-1078628
-9327147
5019032
-7765381
9769998
857717
5730107
3217066
-5013191
2039184
8754277
3947003
-8527633
-9822711
843530
-6375201
-5946281
-5522498
9813502
5920203
-9528651
-536071
-2711553
7477482
1402305
1223784
7722956
-4017778
-1839277
6733568
8189187
-2900701
5843125
-5206278
-6995581
-5167289
931915
4856764
-8574889
-6886056
-6365233
-2914763
-7326894
6602648
-7681860
5962507
6099302
-9821053
-3838289
-2195631
-5134334
6355019
-2159875
9112553
6951289