-8642638
6951615
7064324
6101912
5467624
9645985
380157
7962927
-4545954
-8219161
393084
2217010
-2289472
4570943
9541356
-3456308
4910521
-2502433
5302125
5775147
-2502354
-3891172
2711008
-901636
-7218594
-2641501
4738034
8677199
-7321817
8212296
-6622939
7948875
-3329659
-9252951
-2875781
-1525679
761642
-9938855
7518427
3810829
-3529464
-767860
4588097
-477318
-7025802
-9150212
-9085522
-4847153
107204
2151056
1068280
-8825284
580139
-8751567
1751696
-3968496
6929944
-2802535
855856
1346517
1066053
-9435606
998077
5750888
-4872803
-2378232
6549419
-9271004
6721054
8208935
-9369812
1550716
-7878772
4526502
-7618268
7870744
-8112888
-9936588
-2913364
-9447670
7157050
-6857105
2768258
-8248969
-6124964
4256692
-1776620
2607014
-4938663
8860130
-8736415
7744623
-3954785
1684097
8215226
-740064
-865091
7259704
-3312223
-2739860
-7030211
-8824639
-3402108
7958212
4749805
8974597
9593133
-5914582
6112722
721474
4939818
-9384278
5029910
-3345914
-4709750
5185703
-9763241
-463429
2424112
4460203
-5922784
-6777694
-2705423
4332396
-7794340
1030153
-3819739
8155324
4925774
-4509241
-7374601
5150606
7721888
2587923
-2658065
2135997
2049722
4591436
7237630
2017005
6010588
9740524
-7766970
-1426274
-627489
2710720
1789749
5306772
-7836578
-8176879
4985960
7752807
-5581955
1627108
-7607296
5512661
3300337
7842057
1891661
-7741826
-8608122
7151862
4400109
-8164535
-3059068
2828331
4653421
-6670029
1717802
-5468828
-7933815
-5434088
-8165516
-5655206
-5644248
7986053
-4697575
7118526
5394810
-1057976
-7437098
-5168231
-1266567
5119410
-4775740
7961889
4227165
-2167741
-2061251
-2060073
-3158310
-3383802
7520157
9830427
-9237249
2243275
-3018516
4403564
-4109622
-9487923
-8713835
-8078631
-9984094
6071013
-7876570
200044
-2046075
1210533
-9367803
-7654155
939382
4785045
-3464589
-8600185
8103778
8940182
-9395321
3541896
2282875
1676752
-1439785
-8823940
141840
5844688
2966344
-4107241
3263632
8765384
-7981263
-5206500
246669
-8162316
-6210968
3373213
564
4172821
-2291234
-6922876
2463497
5330249
-7556674
-1278125
-9520261
-6770877
-6176856
-3773501
9181323
-9197501
2248872
-2825647
5342212
-6037845
-6604696
6470381
5023755
6139463
9320968
-2418105
-8758441
8847007
-4520386
7926515
6672804
1114788
-729314
-5228040
4653306
9312196
4227312
-6190400
9184831
9670045
5722254
6920810
113351
5471586
-6161744
-8220752
4781811
4303485
9248256
-1433701
3841886
8923733
7951853
8897271
7817185
6056765
998379
1930436
-6208364
178723
4737956
164498
2453030
-6129719
-6931716
3874324
9748461
2944136
-8778979
-7351831
6361717
6672345
7972150
801035
-119411
-6238746
-7455248
8100116
6003159
1935786
-8807806
1994857
-5151915
5602360
6445368
-6649328
-1555326
5683376
7111615
2880483
9756074
9325590
4674056
-7387318
-5611517
-8781267
-757556
-9630049
7526131
1033053
-42870
-1474601
-2117575
-3640793
4782038
4919216
9434694
-2568700
-5999504
5402951
-4839493
-9389355
-6768766
-9215378
-7089601
8294356
-9005641
-6831633
-9042024
-684763
5984887
6548130
3639004
4317583
-1707137
-1686457
-8290645
1647153
-6959599
3425879
-6944553
-2285769
3594689
1895787
-2970742
4758874
540415
4754376
5205834
-9412919
-8476676
-3460779
2374838
3797220
6690410
8017003
-9819448
5453297
858291
-9731208
2224376
-8922767
-5305209
3117830
-3528151
5630214
-7570731
-964356
7486810
-9527882
9209185
6775868
-7795813
-3843987
9717549
1103076
-1945574
-7271531
930067
3840104
-8989361
9977900
7409371
9715436
-3358533
-2357620
6461182
-7226441
-7469607
-4395403
-9924579
-9060988
-8749413
713123
-9739267
5516975
-441315
2051132
8683503
-3990389
44296
-5605247
-3199204
2923852
9432861
1639926
-4459557
-6254345
-2331814
-578543
3790293
205420
-2218475
-4322757
-4983575
4536372
-9510350
-3403156
6141935
3143022
6335064
-678662
-1650122
5396451
7744178
-4273246
8362582
7868630
-3263832
9917466
-6609049
-2326513
768263
-9862425
6649650
-5216269
1973731
5150770
-8222337
7952692
3831553
-2960229
-7223366
9551269
8845638
9351701
9733067
5332568
-5037624
-2386324
-9642147
-1460845
-5990997
8489957
-2461681
-7748494
-8006694
-8704344
-1325376
-4448010
-7542426
-9947839
6050515
9719182
-4005528
1266419
2298451
-3202
-6314688
5186878
-2222713
846250
-4655295
5972662
4748625
3049204
1828653
2537371
-4653003
-8638130
359262
-2954398
4008695
1436170
-582074
384851
4610342
6329579
2388611
-2639423
2365524
6520230
-4198881
-8149819
9014874
-2277664
6774226
-5530863
-7211670
-1224543
1592148
-8938704
2540273
2004375
-6354513
6033390
1264054
-9052375
-1888399
3929988
-4155645
5335741
2223950
4726283
-3361570
-185736
-9652520
-5620089
1110629
8183247
-5021832
238246
2268640
-8301763
3232837
459689
-3883570
-1793334
-8565440
-7184335
1748264
-9526497
9356189
5885658
-8392833
-2679370
-7584717
3145409
1453081
-7918509
-7362252
1560120
8734548
-8301574
8001583
961946
-2567897
-5639104
1600655
-751329
7032685
3660398
-9921817
409746
8682924
5837202
-661710
2192347
-5163280
4270451
-2315686
9312893
-9240572
-3567148
-1448396
863096
2355875
-9004492
-1860897
-5890845
-2189248
8444864
-4683718
714912
-7482961
4316079
1040651
9521239
-2642218
-5801513
8169593
4040419
-68877
9644999
662750
1144440
4727485
-9081565
-8703765
9037565
5357030
-6721537
7391299
3008039
1914250
-5252964
2701433
-5503890
-1836777
-4227762
897246
-2690899
-7228925
-8245173
2905259
4346707
2133175
-1401187
2736989
4517041
-8034734
8790617
-9411964
2406810
7194860
1244192
6080471
-4563429
-6915815
266356
7819225
5552977
-1764342
-188720
-5788337
1092968
5776384
-192699
4440281
3011961
5667333
2374406
-8615039
-7160381
-1309025
5361283
3003691
819754
-5852701
1512168
4677820
-1535333
-7143429
3531989
2153793
6421304
-387368
-146023
5863190
5700591
-337191
1503261
-3236695
845036
1291163
-927783
-2437470
7383208
-6031370
312693
8309591
3174122
-9172833
4686944
8580520
-3170897
-8884507
5756415
-4053498
6065948
9782207
4197273
5883471
9108090
7948863
2088439
-5731216
-159477
-9142015
7378901
-2225081
9729261
-5556688
-2516477
-7772593
-4909314
-2983725
9083192
-42727
8992337
-7328924
-5408778
2665060
3322109
2376796
-7998536
-4353897
7627774
-7657914
4747669
5827785
-1510948
-8935106
-1563426
2977736
-9312554
3974485
-5178818
-5332737
8378865
6782645
6731904
2866608
4137977
721750
7919683
9065103
3468622
6317828
8613114
-2111466
7153857
-8829622
3981152
-2483063
6882292
299256
7664191
-9003797
-9526736
2876173
-247665
2532297
5624947
1647702
7670306
-5223350
-7928004
4223515
-1169642
-5068927
1661469
-4960764
-5092501
-7028578
-2818290
2414562
7009626
-817874
1899141
-4138573
3978583
3586777
-2896549
8720740
-3942158
6078903
-9063132
-6372749
1429257
1941264
8291034
-7434831
-3956901
-314662
-9241277
1557274
5364447
3842970
3418815
1260569
-2365792
7720268
-1611136
8496528
-4456713
2052290
-2453645
5393036
-7884424
3261399
5996309
-4278158
-8166821
-93955
-5972990
-414850
4466420
2996124
-746599
5583010
8315728
-1998231
-6176124
7465952
9406871
-6878848
6364414
-8056798
2658663
7433566
-3379419
-3036969
8307753
953628
3572553
-9269344
-2931395
2966174
7187416
1002007
-3976007
-948252
-8843738
-9308413
5343344
1795287
-7402492
-9431427
6319629
-2991553
2679318
-4267614
-5217795
921425
6700343
9280874
-8101164
2947870
4962406
-497893
167715
-1617745
1742519
-3272576
4300501
-1278966
-4657060
-7403857
8653793
3189445
-5632379
8937328
-2037549
-9107982
-3960682
-4017051
-4965160
-3278704
-2167772
-9220019
143533
6932343
-4538787
5371032
-9334576
28847
3460716
1883728
5865545
4234435
-8928753
-4967944
408709
8250005
8900376
-433963
-7333063
-8740262
-916626
-5035720
3284313
3731952
3149124
1812952
9637101
-4414697
-7017571
-5599750
1369268
859344
-7369659
3320405
-552135
1114023
-2637919
-5311729
2036555
49061
9158963
-8257515
-4932072
9891168
464412
-6952190
-6964309
-3688207
7891425
-4611300
5511843
-7909664
-800108
1865202
-2264722
6430846
-6959078
-424068
-2078916
-2570279
-2556736
-2474681
8629225
-9008653
5391547
-3050240
9507280
-8412829
-4550062
1707616
3654768
1306808
7845937
4615793
-1078628
-9327147
5019032
-7765381
9769998
857717
5730107
3217066
-5013191
2039184
8754277
3947003
-8527633
-9822711
843530
-6375201
-5946281
-5522498
9813502
5920203
-9528651
-536071
-2711553
7477482
1402305
1223784
7722956
-4017778
-1839277
6733568
8189187
-2900701
5843125
-5206278
-6995581
-5167289
931915
4856764
-8574889
-6886056
-6365233
-2914763
-7326894
6602648
-7681860
5962507
6099302
-9821053
-3838289
-2195631
-5134334
6355019
-2159875
9112553
6951289